       1  5.3466E+00  3.4382E+02  3.4313E+02
    1000  1.9814E-02  1.9514E-01  1.9478E-01
    2000  7.0162E-03  8.2958E-02  8.2744E-02
    3000  3.6852E-03  2.7403E-02  2.7217E-02
    4000  2.6018E-03  1.6933E-02  1.6811E-02
    5000  2.0894E-03  4.6306E-03  4.4361E-03
    6000  1.7805E-03  2.9783E-03  2.8163E-03
    7000  1.5665E-03  2.1266E-03  1.9928E-03
    8000  1.4062E-03  1.6315E-03  1.5195E-03
    9000  1.2804E-03  1.3125E-03  1.2172E-03
   10000  1.1790E-03  4.7614E-03  4.7418E-03
   11000  1.0933E-03  2.8374E-03  2.8142E-03
   12000  1.0211E-03  8.0162E-04  7.3703E-04
   13000  9.5952E-04  7.0293E-04  6.4500E-04
   14000  9.0593E-04  6.2309E-04  5.7071E-04
   15000  8.5883E-04  5.5752E-04  5.0984E-04
   16000  8.1708E-04  5.0283E-04  4.5916E-04
   17000  7.7976E-04  4.5671E-04  4.1651E-04
   18000  7.4614E-04  4.1739E-04  3.8019E-04
   19000  7.1569E-04  3.8382E-04  3.4928E-04
   20000  6.8802E-04  3.5430E-04  3.2206E-04
   21000  6.6271E-04  3.2858E-04  2.9838E-04
   22000  6.3944E-04  3.0592E-04  2.7755E-04
   23000  6.1794E-04  2.8577E-04  2.5904E-04
   24000  5.9806E-04  2.6778E-04  2.4250E-04
   25000  5.7960E-04  2.5154E-04  2.2762E-04
   26000  5.6238E-04  2.3680E-04  2.1409E-04
   27000  5.4629E-04  2.2338E-04  2.0180E-04
   28000  5.3122E-04  2.1110E-04  1.9056E-04
   29000  5.1708E-04  1.9984E-04  1.8027E-04
   30000  5.0381E-04  1.8949E-04  1.7079E-04
   31000  4.9130E-04  1.7995E-04  1.6207E-04
   32000  4.7948E-04  1.7118E-04  1.5405E-04
   33000  4.6831E-04  1.6306E-04  1.4665E-04
   34000  4.5772E-04  1.5557E-04  1.3980E-04
   35000  4.4767E-04  1.4866E-04  1.3351E-04
   36000  4.3813E-04  1.4224E-04  1.2766E-04
   37000  4.2904E-04  1.3629E-04  1.2224E-04
   38000  4.2038E-04  1.3079E-04  1.1724E-04
   39000  4.1210E-04  1.2563E-04  1.1254E-04
   40000  4.0418E-04  1.2085E-04  1.0819E-04
   41000  3.9660E-04  1.1641E-04  1.0416E-04
   42000  3.8933E-04  1.1227E-04  1.0040E-04
   43000  3.8235E-04  1.0840E-04  9.6895E-05
   44000  3.7564E-04  1.0479E-04  9.3622E-05
   45000  3.6918E-04  1.0142E-04  9.0578E-05
   46000  3.6295E-04  9.8265E-05  8.7720E-05
   47000  3.5694E-04  9.5300E-05  8.5047E-05
   48000  3.5113E-04  9.2537E-05  8.2551E-05
   49000  3.4552E-04  8.9942E-05  8.0203E-05
   50000  3.4008E-04  8.7505E-05  7.8008E-05
   51000  3.3482E-04  8.5210E-05  7.5947E-05
   52000  3.2971E-04  8.3062E-05  7.4012E-05
   53000  3.2474E-04  8.1030E-05  7.2190E-05
   54000  3.1991E-04  7.9108E-05  7.0465E-05
   55000  3.1522E-04  7.7304E-05  6.8846E-05
   56000  3.1064E-04  7.5581E-05  6.7292E-05
   57000  3.0618E-04  7.3932E-05  6.5802E-05
   58000  3.0184E-04  7.2368E-05  6.4409E-05
   59000  2.9759E-04  7.0899E-05  6.3089E-05
   60000  2.9345E-04  6.9494E-05  6.1835E-05
   61000  2.8939E-04  6.8157E-05  6.0635E-05
   62000  2.8542E-04  6.6870E-05  5.9482E-05
   63000  2.8154E-04  6.5647E-05  5.8393E-05
   64000  2.7774E-04  6.4462E-05  5.7330E-05
   65000  2.7402E-04  6.3322E-05  5.6321E-05
   66000  2.7037E-04  6.2248E-05  5.5354E-05
   67000  2.6678E-04  6.1196E-05  5.4418E-05
   68000  2.6327E-04  6.0179E-05  5.3511E-05
   69000  2.5982E-04  5.9207E-05  5.2643E-05
   70000  2.5643E-04  5.8257E-05  5.1796E-05
   71000  2.5310E-04  5.7344E-05  5.0981E-05
   72000  2.4983E-04  5.6461E-05  5.0192E-05
   73000  2.4661E-04  5.5604E-05  4.9429E-05
   74000  2.4344E-04  5.4774E-05  4.8689E-05
   75000  2.4033E-04  5.3965E-05  4.7968E-05
   76000  2.3727E-04  5.3178E-05  4.7267E-05
   77000  2.3426E-04  5.2411E-05  4.6583E-05
   78000  2.3129E-04  5.1663E-05  4.5918E-05
   79000  2.2836E-04  5.0938E-05  4.5273E-05
   80000  2.2548E-04  5.0226E-05  4.4637E-05
   81000  2.2265E-04  4.9529E-05  4.4017E-05
   82000  2.1985E-04  4.8845E-05  4.3410E-05
   83000  2.1710E-04  4.8181E-05  4.2818E-05
   84000  2.1438E-04  4.7529E-05  4.2240E-05
   85000  2.1171E-04  4.6891E-05  4.1671E-05
   86000  2.0907E-04  4.6265E-05  4.1115E-05
   87000  2.0647E-04  4.5654E-05  4.0572E-05
   88000  2.0390E-04  4.5051E-05  4.0035E-05
   89000  2.0137E-04  4.4461E-05  3.9511E-05
   90000  1.9887E-04  4.3879E-05  3.8994E-05
   91000  1.9641E-04  4.3310E-05  3.8488E-05
   92000  1.9398E-04  4.2750E-05  3.7989E-05
   93000  1.9158E-04  4.2222E-05  3.7550E-05
   94000  1.8922E-04  4.1656E-05  3.7016E-05
   95000  1.8688E-04  4.1123E-05  3.6543E-05
   96000  1.8458E-04  4.0600E-05  3.6078E-05
   97000  1.8230E-04  4.0085E-05  3.5621E-05
   98000  1.8006E-04  3.9578E-05  3.5170E-05
   99000  1.7785E-04  3.9078E-05  3.4726E-05
  100000  1.7566E-04  3.8586E-05  3.4289E-05
  101000  1.7350E-04  3.8102E-05  3.3858E-05
  102000  1.7137E-04  3.7624E-05  3.3434E-05
  103000  1.6927E-04  3.7153E-05  3.3015E-05
  104000  1.6719E-04  3.6689E-05  3.2603E-05
  105000  1.6514E-04  3.6232E-05  3.2197E-05
  106000  1.6311E-04  3.5780E-05  3.1795E-05
  107000  1.6112E-04  3.5336E-05  3.1400E-05
  108000  1.5914E-04  3.4897E-05  3.1010E-05
  109000  1.5719E-04  3.4464E-05  3.0626E-05
  110000  1.5527E-04  3.4022E-05  3.0240E-05
  111000  1.5337E-04  3.3612E-05  2.9869E-05
  112000  1.5149E-04  3.3197E-05  2.9500E-05
  113000  1.4964E-04  3.2788E-05  2.9137E-05
  114000  1.4781E-04  3.2385E-05  2.8778E-05
  115000  1.4600E-04  3.1986E-05  2.8424E-05
  116000  1.4421E-04  3.1593E-05  2.8074E-05
  117000  1.4245E-04  3.1204E-05  2.7728E-05
  118000  1.4071E-04  3.0820E-05  2.7387E-05
  119000  1.3899E-04  3.0442E-05  2.7051E-05
  120000  1.3729E-04  3.0069E-05  2.6720E-05
  121000  1.3561E-04  2.9700E-05  2.6392E-05
  122000  1.3395E-04  2.9335E-05  2.6068E-05
  123000  1.3232E-04  2.8975E-05  2.5748E-05
  124000  1.3070E-04  2.8620E-05  2.5432E-05
  125000  1.2911E-04  2.8270E-05  2.5121E-05
  126000  1.2753E-04  2.7923E-05  2.4813E-05
  127000  1.2597E-04  2.7581E-05  2.4509E-05
  128000  1.2443E-04  2.7243E-05  2.4209E-05
  129000  1.2291E-04  2.6909E-05  2.3913E-05
  130000  1.2141E-04  2.6580E-05  2.3619E-05
  131000  1.1993E-04  2.6255E-05  2.3330E-05
  132000  1.1847E-04  2.5934E-05  2.3045E-05
  133000  1.1702E-04  2.5617E-05  2.2763E-05
  134000  1.1559E-04  2.5304E-05  2.2485E-05
  135000  1.1418E-04  2.4995E-05  2.2209E-05
  136000  1.1279E-04  2.4691E-05  2.1942E-05
  137000  1.1141E-04  2.4385E-05  2.1669E-05
  138000  1.1005E-04  2.4087E-05  2.1405E-05
  139000  1.0871E-04  2.3794E-05  2.1144E-05
  140000  1.0738E-04  2.3505E-05  2.0887E-05
  141000  1.0607E-04  2.3218E-05  2.0632E-05
  142000  1.0478E-04  2.2935E-05  2.0380E-05
  143000  1.0350E-04  2.2655E-05  2.0132E-05
  144000  1.0224E-04  2.2379E-05  1.9886E-05
  145000  1.0099E-04  2.2106E-05  1.9643E-05
  146000  9.9759E-05  2.1836E-05  1.9403E-05
  147000  9.8542E-05  2.1569E-05  1.9166E-05
  148000  9.7339E-05  2.1305E-05  1.8932E-05
  149000  9.6152E-05  2.1045E-05  1.8701E-05
  150000  9.4979E-05  2.0789E-05  1.8473E-05
  151000  9.3820E-05  2.0535E-05  1.8248E-05
  152000  9.2675E-05  2.0285E-05  1.8025E-05
  153000  9.1545E-05  2.0038E-05  1.7806E-05
  154000  9.0428E-05  1.9793E-05  1.7588E-05
  155000  8.9325E-05  1.9552E-05  1.7373E-05
  156000  8.8235E-05  1.9313E-05  1.7161E-05
  157000  8.7159E-05  1.9077E-05  1.6952E-05
  158000  8.6095E-05  1.8844E-05  1.6745E-05
  159000  8.5045E-05  1.8614E-05  1.6541E-05
  160000  8.4008E-05  1.8387E-05  1.6338E-05
  161000  8.2983E-05  1.8162E-05  1.6138E-05
  162000  8.1971E-05  1.7940E-05  1.5941E-05
  163000  8.0971E-05  1.7720E-05  1.5746E-05
  164000  7.9983E-05  1.7504E-05  1.5554E-05
  165000  7.9008E-05  1.7290E-05  1.5364E-05
  166000  7.8044E-05  1.7079E-05  1.5177E-05
  167000  7.7092E-05  1.6871E-05  1.4992E-05
  168000  7.6152E-05  1.6666E-05  1.4809E-05
  169000  7.5223E-05  1.6463E-05  1.4628E-05
  170000  7.4305E-05  1.6262E-05  1.4450E-05
  171000  7.3399E-05  1.6063E-05  1.4274E-05
  172000  7.2504E-05  1.5867E-05  1.4100E-05
  173000  7.1619E-05  1.5674E-05  1.3928E-05
  174000  7.0746E-05  1.5482E-05  1.3758E-05
  175000  6.9883E-05  1.5293E-05  1.3590E-05
  176000  6.9030E-05  1.5107E-05  1.3424E-05
  177000  6.8188E-05  1.4923E-05  1.3260E-05
  178000  6.7357E-05  1.4740E-05  1.3098E-05
  179000  6.6535E-05  1.4561E-05  1.2938E-05
  180000  6.5724E-05  1.4383E-05  1.2781E-05
  181000  6.4922E-05  1.4207E-05  1.2625E-05
  182000  6.4130E-05  1.4034E-05  1.2471E-05
  183000  6.3348E-05  1.3862E-05  1.2318E-05
  184000  6.2576E-05  1.3693E-05  1.2167E-05
  185000  6.1813E-05  1.3528E-05  1.2024E-05
  186000  6.1059E-05  1.3363E-05  1.1877E-05
  187000  6.0314E-05  1.3200E-05  1.1731E-05
  188000  5.9579E-05  1.3038E-05  1.1588E-05
  189000  5.8852E-05  1.2881E-05  1.1446E-05
  190000  5.8134E-05  1.2724E-05  1.1307E-05
  191000  5.7425E-05  1.2568E-05  1.1169E-05
  192000  5.6725E-05  1.2414E-05  1.1032E-05
  193000  5.6033E-05  1.2259E-05  1.0898E-05
  194000  5.5349E-05  1.2113E-05  1.0763E-05
  195000  5.4674E-05  1.1964E-05  1.0630E-05
  196000  5.4007E-05  1.1816E-05  1.0500E-05
  197000  5.3349E-05  1.1672E-05  1.0372E-05
  198000  5.2698E-05  1.1530E-05  1.0246E-05
  199000  5.2056E-05  1.1390E-05  1.0121E-05
  200000  5.1421E-05  1.1251E-05  9.9975E-06
  201000  5.0794E-05  1.1114E-05  9.8757E-06
  202000  5.0175E-05  1.0979E-05  9.7553E-06
  203000  4.9563E-05  1.0844E-05  9.6363E-06
  204000  4.8958E-05  1.0712E-05  9.5188E-06
  205000  4.8361E-05  1.0581E-05  9.4028E-06
  206000  4.7772E-05  1.0452E-05  9.2881E-06
  207000  4.7189E-05  1.0325E-05  9.1748E-06
  208000  4.6614E-05  1.0199E-05  9.0628E-06
  209000  4.6045E-05  1.0075E-05  8.9522E-06
  210000  4.5484E-05  9.9517E-06  8.8431E-06
  211000  4.4929E-05  9.8304E-06  8.7353E-06
  212000  4.4381E-05  9.7106E-06  8.6288E-06
  213000  4.3840E-05  9.5921E-06  8.5236E-06
  214000  4.3305E-05  9.4751E-06  8.4196E-06
  215000  4.2777E-05  9.3595E-06  8.3169E-06
  216000  4.2255E-05  9.2453E-06  8.2155E-06
  217000  4.1740E-05  9.1325E-06  8.1152E-06
  218000  4.1231E-05  9.0209E-06  8.0162E-06
  219000  4.0728E-05  8.9108E-06  7.9183E-06
  220000  4.0231E-05  8.8019E-06  7.8216E-06
  221000  3.9740E-05  8.6946E-06  7.7261E-06
  222000  3.9255E-05  8.5886E-06  7.6318E-06
  223000  3.8777E-05  8.4839E-06  7.5387E-06
  224000  3.8304E-05  8.3805E-06  7.4467E-06
  225000  3.7836E-05  8.2783E-06  7.3559E-06
  226000  3.7375E-05  8.1773E-06  7.2661E-06
  227000  3.6919E-05  8.0775E-06  7.1774E-06
  228000  3.6469E-05  7.9790E-06  7.0899E-06
  229000  3.6024E-05  7.8816E-06  7.0034E-06
  230000  3.5585E-05  7.7855E-06  6.9179E-06
  231000  3.5151E-05  7.6905E-06  6.8335E-06
  232000  3.4722E-05  7.5967E-06  6.7502E-06
  233000  3.4298E-05  7.5029E-06  6.6722E-06
  234000  3.3879E-05  7.4132E-06  6.5874E-06
  235000  3.3466E-05  7.3218E-06  6.5060E-06
  236000  3.3058E-05  7.2321E-06  6.4262E-06
  237000  3.2655E-05  7.1438E-06  6.3477E-06
  238000  3.2257E-05  7.0566E-06  6.2702E-06
  239000  3.1863E-05  6.9705E-06  6.1938E-06
  240000  3.1474E-05  6.8855E-06  6.1183E-06
  241000  3.1090E-05  6.8016E-06  6.0437E-06
  242000  3.0711E-05  6.7186E-06  5.9700E-06
  243000  3.0337E-05  6.6367E-06  5.8972E-06
  244000  2.9967E-05  6.5557E-06  5.8253E-06
  245000  2.9601E-05  6.4758E-06  5.7542E-06
  246000  2.9240E-05  6.3965E-06  5.6842E-06
  247000  2.8883E-05  6.3187E-06  5.6147E-06
  248000  2.8531E-05  6.2416E-06  5.5462E-06
  249000  2.8183E-05  6.1654E-06  5.4785E-06
  250000  2.7839E-05  6.0902E-06  5.4116E-06
  251000  2.7499E-05  6.0159E-06  5.3455E-06
  252000  2.7164E-05  5.9425E-06  5.2803E-06
  253000  2.6833E-05  5.8700E-06  5.2159E-06
  254000  2.6506E-05  5.7984E-06  5.1522E-06
  255000  2.6182E-05  5.7277E-06  5.0894E-06
  256000  2.5863E-05  5.6578E-06  5.0273E-06
  257000  2.5548E-05  5.5888E-06  4.9660E-06
  258000  2.5236E-05  5.5207E-06  4.9054E-06
  259000  2.4928E-05  5.4534E-06  4.8456E-06
  260000  2.4624E-05  5.3869E-06  4.7865E-06
  261000  2.4324E-05  5.3212E-06  4.7282E-06
  262000  2.4027E-05  5.2563E-06  4.6706E-06
  263000  2.3734E-05  5.1923E-06  4.6137E-06
  264000  2.3445E-05  5.1290E-06  4.5575E-06
  265000  2.3159E-05  5.0665E-06  4.5019E-06
  266000  2.2877E-05  5.0047E-06  4.4470E-06
  267000  2.2598E-05  4.9436E-06  4.3928E-06
  268000  2.2322E-05  4.8833E-06  4.3392E-06
  269000  2.2050E-05  4.8238E-06  4.2863E-06
  270000  2.1781E-05  4.7650E-06  4.2340E-06
  271000  2.1515E-05  4.7070E-06  4.1824E-06
  272000  2.1253E-05  4.6496E-06  4.1315E-06
  273000  2.0994E-05  4.5929E-06  4.0811E-06
  274000  2.0738E-05  4.5369E-06  4.0313E-06
  275000  2.0485E-05  4.4816E-06  3.9822E-06
  276000  2.0235E-05  4.4269E-06  3.9336E-06
  277000  1.9988E-05  4.3729E-06  3.8856E-06
  278000  1.9744E-05  4.3196E-06  3.8382E-06
  279000  1.9504E-05  4.2669E-06  3.7914E-06
  280000  1.9266E-05  4.2148E-06  3.7452E-06
  281000  1.9031E-05  4.1634E-06  3.6995E-06
  282000  1.8799E-05  4.1126E-06  3.6544E-06
  283000  1.8569E-05  4.0624E-06  3.6098E-06
  284000  1.8343E-05  4.0129E-06  3.5657E-06
  285000  1.8119E-05  3.9639E-06  3.5222E-06
  286000  1.7898E-05  3.9156E-06  3.4793E-06
  287000  1.7680E-05  3.8678E-06  3.4368E-06
  288000  1.7464E-05  3.8206E-06  3.3949E-06
  289000  1.7251E-05  3.7739E-06  3.3534E-06
  290000  1.7041E-05  3.7278E-06  3.3125E-06
  291000  1.6833E-05  3.6820E-06  3.2719E-06
  292000  1.6628E-05  3.6369E-06  3.2318E-06
  293000  1.6425E-05  3.5861E-06  3.1884E-06
  294000  1.6224E-05  3.5463E-06  3.1512E-06
  295000  1.6026E-05  3.5040E-06  3.1134E-06
  296000  1.5831E-05  3.4617E-06  3.0759E-06
  297000  1.5638E-05  3.4197E-06  3.0398E-06
  298000  1.5446E-05  3.3737E-06  2.9977E-06
  299000  1.5258E-05  3.3342E-06  2.9624E-06
  300000  1.5072E-05  3.2945E-06  2.9271E-06
  301000  1.4888E-05  3.2549E-06  2.8920E-06
  302000  1.4707E-05  3.2157E-06  2.8572E-06
  303000  1.4527E-05  3.1768E-06  2.8227E-06
  304000  1.4350E-05  3.1383E-06  2.7885E-06
  305000  1.4175E-05  3.1002E-06  2.7546E-06
  306000  1.4002E-05  3.0625E-06  2.7212E-06
  307000  1.3831E-05  3.0253E-06  2.6881E-06
  308000  1.3663E-05  2.9885E-06  2.6554E-06
  309000  1.3496E-05  2.9521E-06  2.6231E-06
  310000  1.3332E-05  2.9161E-06  2.5912E-06
  311000  1.3169E-05  2.8806E-06  2.5596E-06
  312000  1.3008E-05  2.8456E-06  2.5284E-06
  313000  1.2850E-05  2.8109E-06  2.4977E-06
  314000  1.2693E-05  2.7766E-06  2.4672E-06
  315000  1.2538E-05  2.7428E-06  2.4372E-06
  316000  1.2385E-05  2.7094E-06  2.4075E-06
  317000  1.2234E-05  2.6764E-06  2.3781E-06
  318000  1.2085E-05  2.6438E-06  2.3492E-06
  319000  1.1938E-05  2.6115E-06  2.3205E-06
  320000  1.1792E-05  2.5797E-06  2.2922E-06
  321000  1.1648E-05  2.5483E-06  2.2643E-06
  322000  1.1506E-05  2.5172E-06  2.2367E-06
  323000  1.1366E-05  2.4865E-06  2.2095E-06
  324000  1.1227E-05  2.4562E-06  2.1825E-06
  325000  1.1090E-05  2.4263E-06  2.1559E-06
  326000  1.0955E-05  2.3967E-06  2.1297E-06
  327000  1.0822E-05  2.3675E-06  2.1037E-06
  328000  1.0690E-05  2.3386E-06  2.0781E-06
  329000  1.0559E-05  2.3101E-06  2.0527E-06
  330000  1.0431E-05  2.2819E-06  2.0277E-06
  331000  1.0303E-05  2.2541E-06  2.0030E-06
  332000  1.0178E-05  2.2267E-06  1.9785E-06
  333000  1.0054E-05  2.1995E-06  1.9544E-06
  334000  9.9310E-06  2.1727E-06  1.9306E-06
  335000  9.8099E-06  2.1462E-06  1.9071E-06
  336000  9.6903E-06  2.1201E-06  1.8838E-06
  337000  9.5721E-06  2.0942E-06  1.8608E-06
  338000  9.4554E-06  2.0687E-06  1.8381E-06
  339000  9.3401E-06  2.0435E-06  1.8157E-06
  340000  9.2262E-06  2.0185E-06  1.7936E-06
  341000  9.1137E-06  1.9939E-06  1.7717E-06
  342000  9.0026E-06  1.9696E-06  1.7501E-06
  343000  8.8928E-06  1.9456E-06  1.7288E-06
  344000  8.7844E-06  1.9219E-06  1.7077E-06
  345000  8.6773E-06  1.8985E-06  1.6869E-06
  346000  8.5714E-06  1.8753E-06  1.6663E-06
  347000  8.4669E-06  1.8525E-06  1.6460E-06
  348000  8.3637E-06  1.8299E-06  1.6260E-06
  349000  8.2618E-06  1.8076E-06  1.6061E-06
  350000  8.1610E-06  1.7855E-06  1.5866E-06
  351000  8.0615E-06  1.7638E-06  1.5672E-06
  352000  7.9632E-06  1.7423E-06  1.5481E-06
  353000  7.8661E-06  1.7210E-06  1.5292E-06
  354000  7.7702E-06  1.7001E-06  1.5106E-06
  355000  7.6754E-06  1.6793E-06  1.4922E-06
  356000  7.5818E-06  1.6589E-06  1.4740E-06
  357000  7.4893E-06  1.6386E-06  1.4560E-06
  358000  7.3980E-06  1.6187E-06  1.4383E-06
  359000  7.3078E-06  1.5989E-06  1.4208E-06
  360000  7.2187E-06  1.5794E-06  1.4034E-06
  361000  7.1307E-06  1.5602E-06  1.3863E-06
  362000  7.0437E-06  1.5412E-06  1.3694E-06
  363000  6.9579E-06  1.5223E-06  1.3527E-06
  364000  6.8730E-06  1.5038E-06  1.3362E-06
  365000  6.7892E-06  1.4854E-06  1.3199E-06
  366000  6.7065E-06  1.4673E-06  1.3038E-06
  367000  6.6247E-06  1.4494E-06  1.2879E-06
  368000  6.5439E-06  1.4318E-06  1.2722E-06
  369000  6.4642E-06  1.4143E-06  1.2567E-06
  370000  6.3854E-06  1.3971E-06  1.2414E-06
  371000  6.3075E-06  1.3800E-06  1.2262E-06
  372000  6.2306E-06  1.3632E-06  1.2113E-06
  373000  6.1547E-06  1.3466E-06  1.1965E-06
  374000  6.0796E-06  1.3302E-06  1.1820E-06
  375000  6.0055E-06  1.3141E-06  1.1676E-06
  376000  5.9324E-06  1.2984E-06  1.1535E-06
  377000  5.8606E-06  1.2888E-06  1.1449E-06
  378000  5.7891E-06  1.2701E-06  1.1289E-06
  379000  5.7186E-06  1.2536E-06  1.1142E-06
  380000  5.6489E-06  1.2377E-06  1.0999E-06
  381000  5.5800E-06  1.2221E-06  1.0861E-06
  382000  5.5120E-06  1.2069E-06  1.0726E-06
  383000  5.4448E-06  1.1920E-06  1.0593E-06
  384000  5.3784E-06  1.1773E-06  1.0462E-06
  385000  5.3128E-06  1.1629E-06  1.0333E-06
  386000  5.2481E-06  1.1486E-06  1.0207E-06
  387000  5.1841E-06  1.1345E-06  1.0082E-06
  388000  5.1208E-06  1.1206E-06  9.9583E-07
  389000  5.0584E-06  1.1069E-06  9.8364E-07
  390000  4.9967E-06  1.0934E-06  9.7161E-07
  391000  4.9358E-06  1.0800E-06  9.5972E-07
  392000  4.8756E-06  1.0668E-06  9.4799E-07
  393000  4.8161E-06  1.0538E-06  9.3641E-07
  394000  4.7574E-06  1.0409E-06  9.2497E-07
  395000  4.6994E-06  1.0282E-06  9.1367E-07
  396000  4.6421E-06  1.0157E-06  9.0251E-07
  397000  4.5855E-06  1.0033E-06  8.9150E-07
  398000  4.5296E-06  9.9109E-07  8.8067E-07
  399000  4.4744E-06  9.7896E-07  8.6989E-07
  400000  4.4199E-06  9.6698E-07  8.5924E-07
  401000  4.3660E-06  9.5515E-07  8.4873E-07
  402000  4.3128E-06  9.4349E-07  8.3837E-07
  403000  4.2602E-06  9.3197E-07  8.2813E-07
  404000  4.2083E-06  9.2061E-07  8.1803E-07
  405000  4.1570E-06  9.0937E-07  8.0805E-07
  406000  4.1063E-06  8.9828E-07  7.9819E-07
  407000  4.0563E-06  8.8732E-07  7.8846E-07
  408000  4.0068E-06  8.7650E-07  7.7884E-07
  409000  3.9580E-06  8.6581E-07  7.6934E-07
  410000  3.9098E-06  8.5526E-07  7.5996E-07
  411000  3.8621E-06  8.4483E-07  7.5069E-07
  412000  3.8150E-06  8.3452E-07  7.4154E-07
  413000  3.7685E-06  8.2435E-07  7.3250E-07
  414000  3.7226E-06  8.1430E-07  7.2357E-07
  415000  3.6772E-06  8.0437E-07  7.1474E-07
  416000  3.6324E-06  7.9456E-07  7.0603E-07
  417000  3.5881E-06  7.8488E-07  6.9742E-07
  418000  3.5444E-06  7.7530E-07  6.8892E-07
  419000  3.5012E-06  7.6585E-07  6.8052E-07
  420000  3.4585E-06  7.5651E-07  6.7222E-07
  421000  3.4164E-06  7.4729E-07  6.6402E-07
  422000  3.3748E-06  7.3817E-07  6.5592E-07
  423000  3.3336E-06  7.2916E-07  6.4792E-07
  424000  3.2930E-06  7.2027E-07  6.4001E-07
  425000  3.2529E-06  7.1148E-07  6.3220E-07
  426000  3.2132E-06  7.0280E-07  6.2449E-07
  427000  3.1741E-06  6.9423E-07  6.1688E-07
  428000  3.1354E-06  6.8576E-07  6.0935E-07
  429000  3.0972E-06  6.7740E-07  6.0192E-07
  430000  3.0594E-06  6.6914E-07  5.9458E-07
  431000  3.0221E-06  6.6098E-07  5.8734E-07
  432000  2.9853E-06  6.5292E-07  5.8018E-07
  433000  2.9489E-06  6.4496E-07  5.7310E-07
  434000  2.9130E-06  6.3710E-07  5.6612E-07
  435000  2.8775E-06  6.2933E-07  5.5922E-07
  436000  2.8424E-06  6.2166E-07  5.5240E-07
  437000  2.8077E-06  6.1408E-07  5.4566E-07
  438000  2.7735E-06  6.0660E-07  5.3901E-07
  439000  2.7397E-06  5.9920E-07  5.3244E-07
  440000  2.7063E-06  5.9190E-07  5.2596E-07
  441000  2.6733E-06  5.8468E-07  5.1955E-07
  442000  2.6408E-06  5.7756E-07  5.1321E-07
  443000  2.6086E-06  5.7052E-07  5.0696E-07
  444000  2.5768E-06  5.6356E-07  5.0078E-07
  445000  2.5454E-06  5.5670E-07  4.9468E-07
  446000  2.5144E-06  5.4991E-07  4.8865E-07
  447000  2.4837E-06  5.4322E-07  4.8270E-07
  448000  2.4535E-06  5.3659E-07  4.7681E-07
  449000  2.4244E-06  5.2939E-07  4.7359E-07
  450000  2.3948E-06  5.2334E-07  4.6504E-07
  451000  2.3657E-06  5.1756E-07  4.5990E-07
  452000  2.3368E-06  5.1143E-07  4.5448E-07
  453000  2.3084E-06  5.0527E-07  4.4902E-07
  454000  2.2802E-06  4.9913E-07  4.4357E-07
  455000  2.2525E-06  4.9305E-07  4.3816E-07
  456000  2.2250E-06  4.8702E-07  4.3280E-07
  457000  2.1979E-06  4.8107E-07  4.2751E-07
  458000  2.1711E-06  4.7518E-07  4.2227E-07
  459000  2.1447E-06  4.6936E-07  4.1710E-07
  460000  2.1185E-06  4.6363E-07  4.1200E-07
  461000  2.0927E-06  4.5797E-07  4.0697E-07
  462000  2.0672E-06  4.5237E-07  4.0200E-07
  463000  2.0420E-06  4.4684E-07  3.9708E-07
  464000  2.0172E-06  4.4137E-07  3.9222E-07
  465000  1.9926E-06  4.3598E-07  3.8743E-07
  466000  1.9683E-06  4.3065E-07  3.8269E-07
  467000  1.9443E-06  4.2539E-07  3.7802E-07
  468000  1.9206E-06  4.2019E-07  3.7340E-07
  469000  1.8972E-06  4.1506E-07  3.6884E-07
  470000  1.8741E-06  4.1000E-07  3.6434E-07
  471000  1.8513E-06  4.0499E-07  3.5989E-07
  472000  1.8287E-06  4.0005E-07  3.5550E-07
  473000  1.8064E-06  3.9517E-07  3.5116E-07
  474000  1.7844E-06  3.9035E-07  3.4687E-07
  475000  1.7627E-06  3.8559E-07  3.4264E-07
  476000  1.7412E-06  3.8088E-07  3.3846E-07
  477000  1.7200E-06  3.7624E-07  3.3433E-07
  478000  1.6990E-06  3.7165E-07  3.3025E-07
  479000  1.6783E-06  3.6704E-07  3.2624E-07
  480000  1.6579E-06  3.6263E-07  3.2225E-07
  481000  1.6377E-06  3.5821E-07  3.1831E-07
  482000  1.6177E-06  3.5384E-07  3.1442E-07
  483000  1.5980E-06  3.4952E-07  3.1059E-07
  484000  1.5785E-06  3.4526E-07  3.0680E-07
  485000  1.5593E-06  3.4105E-07  3.0306E-07
  486000  1.5403E-06  3.3689E-07  2.9936E-07
  487000  1.5215E-06  3.3278E-07  2.9571E-07
  488000  1.5030E-06  3.2873E-07  2.9211E-07
  489000  1.4847E-06  3.2472E-07  2.8855E-07
  490000  1.4666E-06  3.2076E-07  2.8503E-07
  491000  1.4487E-06  3.1685E-07  2.8156E-07
  492000  1.4311E-06  3.1299E-07  2.7812E-07
  493000  1.4136E-06  3.0917E-07  2.7473E-07
  494000  1.3964E-06  3.0541E-07  2.7139E-07
  495000  1.3794E-06  3.0169E-07  2.6808E-07
  496000  1.3626E-06  2.9801E-07  2.6481E-07
  497000  1.3460E-06  2.9438E-07  2.6159E-07
  498000  1.3296E-06  2.9079E-07  2.5840E-07
  499000  1.3134E-06  2.8725E-07  2.5525E-07
  500000  1.2974E-06  2.8375E-07  2.5214E-07
  501000  1.2816E-06  2.8029E-07  2.4907E-07
  502000  1.2660E-06  2.7688E-07  2.4603E-07
  503000  1.2506E-06  2.7350E-07  2.4304E-07
  504000  1.2353E-06  2.7017E-07  2.4008E-07
  505000  1.2203E-06  2.6688E-07  2.3715E-07
  506000  1.2054E-06  2.6363E-07  2.3426E-07
  507000  1.1907E-06  2.6041E-07  2.3141E-07
  508000  1.1762E-06  2.5724E-07  2.2859E-07
  509000  1.1619E-06  2.5411E-07  2.2580E-07
  510000  1.1478E-06  2.5101E-07  2.2305E-07
  511000  1.1338E-06  2.4795E-07  2.2034E-07
  512000  1.1200E-06  2.4493E-07  2.1765E-07
  513000  1.1063E-06  2.4195E-07  2.1500E-07
  514000  1.0928E-06  2.3900E-07  2.1238E-07
  515000  1.0795E-06  2.3609E-07  2.0979E-07
  516000  1.0664E-06  2.3321E-07  2.0724E-07
  517000  1.0534E-06  2.3037E-07  2.0471E-07
  518000  1.0405E-06  2.2757E-07  2.0222E-07
  519000  1.0279E-06  2.2479E-07  1.9976E-07
  520000  1.0154E-06  2.2205E-07  1.9732E-07
  521000  1.0030E-06  2.1935E-07  1.9492E-07
  522000  9.9077E-07  2.1667E-07  1.9254E-07
  523000  9.7870E-07  2.1403E-07  1.9020E-07
  524000  9.6678E-07  2.1143E-07  1.8788E-07
  525000  9.5500E-07  2.0885E-07  1.8559E-07
  526000  9.4337E-07  2.0630E-07  1.8333E-07
  527000  9.3188E-07  2.0379E-07  1.8109E-07
  528000  9.2053E-07  2.0131E-07  1.7889E-07
  529000  9.0932E-07  1.9885E-07  1.7671E-07
  530000  8.9825E-07  1.9643E-07  1.7455E-07
  531000  8.8730E-07  1.9404E-07  1.7243E-07
  532000  8.7650E-07  1.9167E-07  1.7032E-07
  533000  8.6582E-07  1.8934E-07  1.6825E-07
  534000  8.5528E-07  1.8703E-07  1.6620E-07
  535000  8.4486E-07  1.8475E-07  1.6417E-07
  536000  8.3457E-07  1.8250E-07  1.6217E-07
  537000  8.2440E-07  1.8027E-07  1.6020E-07
  538000  8.1436E-07  1.7808E-07  1.5824E-07
  539000  8.0443E-07  1.7590E-07  1.5632E-07
  540000  7.9463E-07  1.7376E-07  1.5441E-07
  541000  7.8495E-07  1.7165E-07  1.5253E-07
  542000  7.7539E-07  1.6956E-07  1.5067E-07
  543000  7.6595E-07  1.6749E-07  1.4884E-07
  544000  7.5662E-07  1.6545E-07  1.4702E-07
  545000  7.4740E-07  1.6344E-07  1.4523E-07
  546000  7.3830E-07  1.6144E-07  1.4346E-07
  547000  7.2930E-07  1.5948E-07  1.4171E-07
  548000  7.2042E-07  1.5754E-07  1.3999E-07
  549000  7.1164E-07  1.5562E-07  1.3828E-07
  550000  7.0298E-07  1.5372E-07  1.3660E-07
  551000  6.9441E-07  1.5185E-07  1.3493E-07
  552000  6.8596E-07  1.5000E-07  1.3329E-07
  553000  6.7760E-07  1.4817E-07  1.3167E-07
  554000  6.6935E-07  1.4637E-07  1.3006E-07
  555000  6.6119E-07  1.4458E-07  1.2848E-07
  556000  6.5314E-07  1.4282E-07  1.2691E-07
  557000  6.4518E-07  1.4108E-07  1.2537E-07
  558000  6.3732E-07  1.3936E-07  1.2384E-07
  559000  6.2956E-07  1.3767E-07  1.2233E-07
  560000  6.2189E-07  1.3599E-07  1.2084E-07
  561000  6.1432E-07  1.3433E-07  1.1937E-07
  562000  6.0683E-07  1.3270E-07  1.1792E-07
  563000  5.9944E-07  1.3108E-07  1.1648E-07
  564000  5.9214E-07  1.2949E-07  1.1506E-07
  565000  5.8493E-07  1.2791E-07  1.1366E-07
  566000  5.7780E-07  1.2635E-07  1.1227E-07
  567000  5.7077E-07  1.2481E-07  1.1091E-07
  568000  5.6382E-07  1.2329E-07  1.0955E-07
  569000  5.5696E-07  1.2181E-07  1.0822E-07
  570000  5.5018E-07  1.2030E-07  1.0690E-07
  571000  5.4347E-07  1.1884E-07  1.0560E-07
  572000  5.3685E-07  1.1739E-07  1.0431E-07
  573000  5.3032E-07  1.1596E-07  1.0304E-07
  574000  5.2386E-07  1.1455E-07  1.0179E-07
  575000  5.1748E-07  1.1315E-07  1.0055E-07
  576000  5.1117E-07  1.1177E-07  9.9322E-08
  577000  5.0494E-07  1.1041E-07  9.8112E-08
  578000  4.9879E-07  1.0907E-07  9.6917E-08
  579000  4.9272E-07  1.0774E-07  9.5736E-08
  580000  4.8671E-07  1.0642E-07  9.4570E-08
  581000  4.8078E-07  1.0513E-07  9.3417E-08
  582000  4.7493E-07  1.0385E-07  9.2279E-08
  583000  4.6914E-07  1.0258E-07  9.1155E-08
  584000  4.6343E-07  1.0133E-07  9.0045E-08
  585000  4.5778E-07  1.0010E-07  8.8947E-08
  586000  4.5220E-07  9.8879E-08  8.7864E-08
  587000  4.4670E-07  9.7674E-08  8.6793E-08
  588000  4.4125E-07  9.6484E-08  8.5736E-08
  589000  4.3588E-07  9.5308E-08  8.4691E-08
  590000  4.3057E-07  9.4147E-08  8.3660E-08
  591000  4.2533E-07  9.3000E-08  8.2640E-08
  592000  4.2015E-07  9.1867E-08  8.1634E-08
  593000  4.1503E-07  9.0748E-08  8.0639E-08
  594000  4.0997E-07  8.9642E-08  7.9657E-08
  595000  4.0498E-07  8.8550E-08  7.8686E-08
  596000  4.0004E-07  8.7471E-08  7.7728E-08
  597000  3.9517E-07  8.6406E-08  7.6781E-08
  598000  3.9036E-07  8.5353E-08  7.5846E-08
  599000  3.8560E-07  8.4313E-08  7.4922E-08
  600000  3.8091E-07  8.3286E-08  7.4009E-08
  601000  3.7627E-07  8.2272E-08  7.3108E-08
  602000  3.7168E-07  8.1269E-08  7.2217E-08
  603000  3.6716E-07  8.0279E-08  7.1338E-08
  604000  3.6268E-07  7.9301E-08  7.0469E-08
  605000  3.5827E-07  7.8336E-08  6.9611E-08
  606000  3.5390E-07  7.7382E-08  6.8763E-08
  607000  3.4959E-07  7.6440E-08  6.7926E-08
  608000  3.4533E-07  7.5509E-08  6.7098E-08
  609000  3.4113E-07  7.4590E-08  6.6281E-08
  610000  3.3697E-07  7.3681E-08  6.5474E-08
  611000  3.3287E-07  7.2784E-08  6.4677E-08
  612000  3.2881E-07  7.1898E-08  6.3890E-08
  613000  3.2481E-07  7.1023E-08  6.3112E-08
  614000  3.2085E-07  7.0158E-08  6.2343E-08
  615000  3.1694E-07  6.9303E-08  6.1584E-08
  616000  3.1308E-07  6.8459E-08  6.0834E-08
  617000  3.0927E-07  6.7625E-08  6.0093E-08
  618000  3.0550E-07  6.6798E-08  5.9362E-08
  619000  3.0175E-07  6.5982E-08  5.8639E-08
  620000  2.9808E-07  6.5185E-08  5.7925E-08
  621000  2.9445E-07  6.4390E-08  5.7219E-08
  622000  2.9086E-07  6.3605E-08  5.6522E-08
  623000  2.8732E-07  6.2830E-08  5.5833E-08
  624000  2.8382E-07  6.2065E-08  5.5153E-08
  625000  2.8036E-07  6.1308E-08  5.4481E-08
  626000  2.7694E-07  6.0561E-08  5.3817E-08
  627000  2.7357E-07  5.9822E-08  5.3160E-08
  628000  2.7024E-07  5.9093E-08  5.2512E-08
  629000  2.6695E-07  5.8373E-08  5.1872E-08
  630000  2.6369E-07  5.7662E-08  5.1240E-08
  631000  2.6048E-07  5.6959E-08  5.0615E-08
  632000  2.5731E-07  5.6265E-08  4.9998E-08
  633000  2.5417E-07  5.5579E-08  4.9389E-08
  634000  2.5108E-07  5.4901E-08  4.8787E-08
  635000  2.4802E-07  5.4232E-08  4.8192E-08
  636000  2.4500E-07  5.3571E-08  4.7605E-08
  637000  2.4202E-07  5.2918E-08  4.7024E-08
  638000  2.3907E-07  5.2273E-08  4.6451E-08
  639000  2.3616E-07  5.1636E-08  4.5885E-08
  640000  2.3329E-07  5.1006E-08  4.5326E-08
  641000  2.3045E-07  5.0384E-08  4.4774E-08
  642000  2.2764E-07  4.9770E-08  4.4228E-08
  643000  2.2487E-07  4.9164E-08  4.3689E-08
  644000  2.2213E-07  4.8565E-08  4.3157E-08
  645000  2.1943E-07  4.7973E-08  4.2631E-08
  646000  2.1676E-07  4.7389E-08  4.2112E-08
  647000  2.1412E-07  4.6812E-08  4.1599E-08
  648000  2.1151E-07  4.6242E-08  4.1092E-08
  649000  2.0894E-07  4.5679E-08  4.0592E-08
  650000  2.0639E-07  4.5123E-08  4.0098E-08
  651000  2.0388E-07  4.4573E-08  3.9609E-08
  652000  2.0140E-07  4.4031E-08  3.9127E-08
  653000  1.9895E-07  4.3496E-08  3.8653E-08
  654000  1.9652E-07  4.2967E-08  3.8182E-08
  655000  1.9413E-07  4.2442E-08  3.7715E-08
  656000  1.9177E-07  4.1925E-08  3.7256E-08
  657000  1.8943E-07  4.1415E-08  3.6802E-08
  658000  1.8712E-07  4.0911E-08  3.6354E-08
  659000  1.8484E-07  4.0413E-08  3.5912E-08
  660000  1.8259E-07  3.9921E-08  3.5474E-08
  661000  1.8037E-07  3.9435E-08  3.5042E-08
  662000  1.7817E-07  3.8955E-08  3.4616E-08
  663000  1.7600E-07  3.8481E-08  3.4194E-08
  664000  1.7386E-07  3.8012E-08  3.3778E-08
  665000  1.7174E-07  3.7549E-08  3.3367E-08
  666000  1.6965E-07  3.7092E-08  3.2961E-08
  667000  1.6758E-07  3.6640E-08  3.2559E-08
  668000  1.6554E-07  3.6194E-08  3.2163E-08
  669000  1.6353E-07  3.5754E-08  3.1771E-08
  670000  1.6154E-07  3.5318E-08  3.1384E-08
  671000  1.5957E-07  3.4888E-08  3.1002E-08
  672000  1.5763E-07  3.4463E-08  3.0624E-08
  673000  1.5571E-07  3.4043E-08  3.0251E-08
  674000  1.5381E-07  3.3629E-08  2.9883E-08
  675000  1.5194E-07  3.3220E-08  2.9519E-08
  676000  1.5008E-07  3.2815E-08  2.9160E-08
  677000  1.4826E-07  3.2416E-08  2.8805E-08
  678000  1.4645E-07  3.2021E-08  2.8454E-08
  679000  1.4467E-07  3.1631E-08  2.8108E-08
  680000  1.4290E-07  3.1245E-08  2.7765E-08
  681000  1.4116E-07  3.0864E-08  2.7426E-08
  682000  1.3944E-07  3.0488E-08  2.7091E-08
  683000  1.3774E-07  3.0116E-08  2.6761E-08
  684000  1.3607E-07  2.9749E-08  2.6435E-08
  685000  1.3441E-07  2.9390E-08  2.6113E-08
  686000  1.3277E-07  2.9029E-08  2.5795E-08
  687000  1.3115E-07  2.8676E-08  2.5481E-08
  688000  1.2956E-07  2.8326E-08  2.5171E-08
  689000  1.2798E-07  2.7981E-08  2.4864E-08
  690000  1.2642E-07  2.7640E-08  2.4561E-08
  691000  1.2488E-07  2.7303E-08  2.4262E-08
  692000  1.2336E-07  2.6970E-08  2.3966E-08
  693000  1.2186E-07  2.6642E-08  2.3674E-08
  694000  1.2037E-07  2.6317E-08  2.3385E-08
  695000  1.1891E-07  2.5997E-08  2.3101E-08
  696000  1.1746E-07  2.5680E-08  2.2819E-08
  697000  1.1603E-07  2.5367E-08  2.2541E-08
  698000  1.1461E-07  2.5058E-08  2.2267E-08
  699000  1.1322E-07  2.4753E-08  2.1995E-08
  700000  1.1184E-07  2.4451E-08  2.1727E-08
  701000  1.1048E-07  2.4154E-08  2.1463E-08
  702000  1.0913E-07  2.3859E-08  2.1201E-08
  703000  1.0780E-07  2.3569E-08  2.0943E-08
  704000  1.0649E-07  2.3282E-08  2.0688E-08
  705000  1.0519E-07  2.2998E-08  2.0436E-08
  706000  1.0391E-07  2.2718E-08  2.0187E-08
  707000  1.0265E-07  2.2442E-08  1.9942E-08
  708000  1.0140E-07  2.2168E-08  1.9699E-08
  709000  1.0016E-07  2.1898E-08  1.9459E-08
  710000  9.8940E-08  2.1632E-08  1.9222E-08
  711000  9.7735E-08  2.1368E-08  1.8988E-08
  712000  9.6544E-08  2.1108E-08  1.8756E-08
  713000  9.5368E-08  2.0851E-08  1.8528E-08
  714000  9.4207E-08  2.0597E-08  1.8302E-08
  715000  9.3059E-08  2.0346E-08  1.8080E-08
  716000  9.1926E-08  2.0098E-08  1.7859E-08
  717000  9.0806E-08  1.9853E-08  1.7642E-08
  718000  8.9700E-08  1.9611E-08  1.7427E-08
  719000  8.8607E-08  1.9372E-08  1.7214E-08
  720000  8.7527E-08  1.9136E-08  1.7005E-08
  721000  8.6460E-08  1.8902E-08  1.6798E-08
  722000  8.5407E-08  1.8673E-08  1.6593E-08
  723000  8.4366E-08  1.8445E-08  1.6390E-08
  724000  8.3339E-08  1.8220E-08  1.6191E-08
  725000  8.2323E-08  1.7998E-08  1.5993E-08
  726000  8.1321E-08  1.7779E-08  1.5799E-08
  727000  8.0330E-08  1.7563E-08  1.5606E-08
  728000  7.9352E-08  1.7349E-08  1.5416E-08
  729000  7.8385E-08  1.7137E-08  1.5228E-08
  730000  7.7431E-08  1.6929E-08  1.5043E-08
  731000  7.6488E-08  1.6722E-08  1.4859E-08
  732000  7.5556E-08  1.6519E-08  1.4679E-08
  733000  7.4636E-08  1.6317E-08  1.4500E-08
  734000  7.3727E-08  1.6119E-08  1.4323E-08
  735000  7.2829E-08  1.5922E-08  1.4149E-08
  736000  7.1942E-08  1.5728E-08  1.3976E-08
  737000  7.1066E-08  1.5537E-08  1.3806E-08
  738000  7.0201E-08  1.5348E-08  1.3638E-08
  739000  6.9346E-08  1.5161E-08  1.3472E-08
  740000  6.8501E-08  1.4976E-08  1.3308E-08
  741000  6.7667E-08  1.4793E-08  1.3146E-08
  742000  6.6843E-08  1.4613E-08  1.2985E-08
  743000  6.6030E-08  1.4435E-08  1.2827E-08
  744000  6.5229E-08  1.4536E-08  1.2996E-08
  745000  6.4430E-08  1.7079E-08  1.5790E-08
  746000  6.3647E-08  1.6707E-08  1.5429E-08
  747000  6.2871E-08  1.6737E-08  1.5487E-08
  748000  6.2109E-08  1.5126E-08  1.3790E-08
  749000  6.1357E-08  1.4712E-08  1.3397E-08
  750000  6.0601E-08  1.5145E-08  1.3847E-08
  751000  5.9863E-08  1.4743E-08  1.3444E-08
  752000  5.9142E-08  1.3852E-08  1.2541E-08
  753000  5.8419E-08  1.4510E-08  1.3287E-08
  754000  5.7710E-08  1.3760E-08  1.2509E-08
  755000  5.7006E-08  1.3691E-08  1.2454E-08
  756000  5.6310E-08  1.4013E-08  1.2832E-08
  757000  5.5621E-08  1.4054E-08  1.2882E-08
  758000  5.4949E-08  1.2961E-08  1.1747E-08
  759000  5.4280E-08  1.3324E-08  1.2187E-08
  760000  5.3613E-08  1.2918E-08  1.1726E-08
  761000  5.2966E-08  1.2819E-08  1.1691E-08
  762000  5.2321E-08  1.2359E-08  1.1210E-08
  763000  5.1680E-08  1.2296E-08  1.1144E-08
  764000  5.1051E-08  1.2242E-08  1.1117E-08
  765000  5.0433E-08  1.2048E-08  1.0955E-08
  766000  4.9819E-08  1.1476E-08  1.0346E-08
  767000  4.9212E-08  1.1327E-08  1.0208E-08
  768000  4.8613E-08  1.1425E-08  1.0350E-08
  769000  4.8020E-08  1.1546E-08  1.0510E-08
  770000  4.7435E-08  1.1199E-08  1.0154E-08
  771000  4.6856E-08  1.1104E-08  1.0066E-08
  772000  4.6287E-08  1.0282E-08  9.1796E-09
  773000  4.5723E-08  9.9953E-09  8.8820E-09
  774000  4.5166E-08  9.8739E-09  8.7738E-09
  775000  4.4616E-08  9.7536E-09  8.6670E-09
  776000  4.4073E-08  9.6349E-09  8.5615E-09
  777000  4.3536E-08  9.5176E-09  8.4573E-09
  778000  4.3006E-08  9.4017E-09  8.3543E-09
  779000  4.2482E-08  9.2871E-09  8.2525E-09
  780000  4.1965E-08  9.1741E-09  8.1520E-09
  781000  4.1454E-08  9.0624E-09  8.0528E-09
  782000  4.0949E-08  8.9520E-09  7.9547E-09
  783000  4.0450E-08  8.8430E-09  7.8578E-09
  784000  3.9957E-08  8.7353E-09  7.7621E-09
  785000  3.9471E-08  8.6289E-09  7.6676E-09
  786000  3.8990E-08  8.5238E-09  7.5742E-09
  787000  3.8515E-08  8.4200E-09  7.4820E-09
  788000  3.8046E-08  8.3175E-09  7.3909E-09
  789000  3.7583E-08  8.2162E-09  7.3009E-09
  790000  3.7125E-08  8.1162E-09  7.2120E-09
  791000  3.6673E-08  8.0172E-09  7.1241E-09
  792000  3.6226E-08  7.9196E-09  7.0374E-09
  793000  3.5785E-08  7.8232E-09  6.9517E-09
  794000  3.5349E-08  7.7279E-09  6.8670E-09
  795000  3.4919E-08  7.6338E-09  6.7834E-09
  796000  3.4494E-08  7.5408E-09  6.7008E-09
  797000  3.4074E-08  7.4490E-09  6.6192E-09
  798000  3.3659E-08  7.3583E-09  6.5386E-09
  799000  3.3249E-08  7.2687E-09  6.4590E-09
  800000  3.2844E-08  7.1802E-09  6.3803E-09
  801000  3.2444E-08  7.0928E-09  6.3026E-09
  802000  3.2049E-08  7.0065E-09  6.2259E-09
  803000  3.1658E-08  6.9212E-09  6.1501E-09
  804000  3.1273E-08  6.8369E-09  6.0752E-09
  805000  3.0892E-08  6.7536E-09  6.0012E-09
  806000  3.0516E-08  6.6714E-09  5.9281E-09
  807000  3.0144E-08  6.5902E-09  5.8560E-09
  808000  2.9777E-08  6.5099E-09  5.7846E-09
  809000  2.9414E-08  6.4307E-09  5.7142E-09
  810000  2.9059E-08  6.3584E-09  5.6440E-09
  811000  2.8705E-08  6.2752E-09  5.5757E-09
  812000  2.8355E-08  6.1989E-09  5.5082E-09
  813000  2.8010E-08  6.1237E-09  5.4414E-09
  814000  2.7669E-08  6.0492E-09  5.3752E-09
  815000  2.7332E-08  5.9756E-09  5.3098E-09
  816000  2.6999E-08  5.9028E-09  5.2451E-09
  817000  2.6670E-08  5.8310E-09  5.1813E-09
  818000  2.6345E-08  5.7599E-09  5.1182E-09
  819000  2.6025E-08  5.6898E-09  5.0559E-09
  820000  2.5708E-08  5.6205E-09  4.9943E-09
  821000  2.5395E-08  5.5521E-09  4.9335E-09
  822000  2.5085E-08  5.4844E-09  4.8734E-09
  823000  2.4780E-08  5.4176E-09  4.8140E-09
  824000  2.4478E-08  5.3517E-09  4.7555E-09
  825000  2.4180E-08  5.2864E-09  4.6975E-09
  826000  2.3886E-08  5.2221E-09  4.6403E-09
  827000  2.3595E-08  5.1584E-09  4.5837E-09
  828000  2.3307E-08  5.0957E-09  4.5280E-09
  829000  2.3024E-08  5.0337E-09  4.4729E-09
  830000  2.2743E-08  4.9723E-09  4.4184E-09
  831000  2.2466E-08  4.9117E-09  4.3645E-09
  832000  2.2193E-08  4.8519E-09  4.3113E-09
  833000  2.1922E-08  4.7928E-09  4.2588E-09
  834000  2.1655E-08  4.7344E-09  4.2069E-09
  835000  2.1392E-08  4.6767E-09  4.1557E-09
  836000  2.1131E-08  4.6198E-09  4.1051E-09
  837000  2.0874E-08  4.5636E-09  4.0552E-09
  838000  2.0619E-08  4.5081E-09  4.0058E-09
  839000  2.0368E-08  4.4531E-09  3.9570E-09
  840000  2.0120E-08  4.3989E-09  3.9088E-09
  841000  1.9875E-08  4.3453E-09  3.8612E-09
  842000  1.9633E-08  4.2924E-09  3.8141E-09
  843000  1.9394E-08  4.2402E-09  3.7678E-09
  844000  1.9158E-08  4.1885E-09  3.7219E-09
  845000  1.8924E-08  4.1376E-09  3.6766E-09
  846000  1.8694E-08  4.8622E-09  4.4844E-09
  847000  1.8466E-08  5.3210E-09  4.9892E-09
  848000  1.8241E-08  5.4664E-09  5.1528E-09
  849000  1.8019E-08  5.6211E-09  5.3243E-09
  850000  1.7800E-08  5.7522E-09  5.4671E-09
  851000  1.7582E-08  5.6828E-09  5.3945E-09
  852000  1.7369E-08  5.8668E-09  5.6028E-09
  853000  1.7158E-08  5.7870E-09  5.5255E-09
  854000  1.6948E-08  6.0803E-09  5.8344E-09
  855000  1.6743E-08  6.3259E-09  6.1043E-09
  856000  1.6538E-08  6.2890E-09  6.0648E-09
  857000  1.6338E-08  6.1313E-09  5.9098E-09
  858000  1.6137E-08  6.2546E-09  6.0360E-09
  859000  1.5941E-08  6.2651E-09  6.0515E-09
  860000  1.5747E-08  6.5152E-09  6.3222E-09
  861000  1.5555E-08  6.5134E-09  6.3262E-09
  862000  1.5365E-08  6.6002E-09  6.4169E-09
  863000  1.5178E-08  6.3758E-09  6.1821E-09
  864000  1.4994E-08  6.8521E-09  6.6905E-09
  865000  1.4812E-08  6.5530E-09  6.3854E-09
  866000  1.4631E-08  6.6931E-09  6.5330E-09
  867000  1.4452E-08  6.4848E-09  6.3133E-09
  868000  1.4277E-08  6.6352E-09  6.4817E-09
  869000  1.4103E-08  6.5663E-09  6.4150E-09
  870000  1.3931E-08  6.7586E-09  6.6135E-09
  871000  1.3761E-08  6.5652E-09  6.4093E-09
  872000  1.3595E-08  6.5096E-09  6.3649E-09
  873000  1.3427E-08  6.5940E-09  6.4458E-09
  874000  1.3265E-08  6.8098E-09  6.6777E-09
  875000  1.3104E-08  6.7393E-09  6.6123E-09
  876000  1.2943E-08  6.7629E-09  6.6324E-09
  877000  1.2785E-08  6.7362E-09  6.6066E-09
  878000  1.2631E-08  6.6452E-09  6.5249E-09
  879000  1.2477E-08  7.3201E-09  7.2176E-09
  880000  1.2324E-08  6.7763E-09  6.6560E-09
  881000  1.2174E-08  6.8164E-09  6.7022E-09
  882000  1.2028E-08  7.0012E-09  6.8973E-09
  883000  1.1879E-08  6.8806E-09  6.7727E-09
  884000  1.1736E-08  7.0340E-09  6.9351E-09
  885000  1.1592E-08  6.8730E-09  6.7699E-09
  886000  1.1450E-08  6.8075E-09  6.7023E-09
  887000  1.1312E-08  7.1777E-09  7.0895E-09
  888000  1.1176E-08  6.8330E-09  6.7376E-09
  889000  1.1037E-08  6.9785E-09  6.8792E-09
  890000  1.0905E-08  6.9362E-09  6.8471E-09
  891000  1.0771E-08  7.5452E-09  7.4719E-09
  892000  1.0639E-08  6.7784E-09  6.6882E-09
  893000  1.0509E-08  6.7453E-09  6.6567E-09
  894000  1.0383E-08  7.3829E-09  7.3128E-09
  895000  1.0257E-08  6.8522E-09  6.7704E-09
  896000  1.0130E-08  6.8136E-09  6.7310E-09
  897000  1.0008E-08  7.0028E-09  6.9320E-09
  898000  9.8864E-09  7.0503E-09  6.9807E-09
  899000  9.7660E-09  7.3113E-09  7.2491E-09
  900000  9.6448E-09  6.7074E-09  6.6257E-09
  901000  9.5306E-09  6.9653E-09  6.8992E-09
  902000  9.4140E-09  7.0696E-09  7.0079E-09
  903000  9.2974E-09  6.1475E-09  6.0699E-09
  904000  9.1836E-09  6.3966E-09  6.3184E-09
  905000  9.0736E-09  6.5954E-09  6.5306E-09
  906000  8.9644E-09  6.6408E-09  6.5790E-09
  907000  8.8552E-09  6.2379E-09  6.1703E-09
  908000  8.7466E-09  6.5541E-09  6.4972E-09
  909000  8.6389E-09  5.8464E-09  5.7798E-09
  910000  8.5327E-09  5.7123E-09  5.6378E-09
  911000  8.4292E-09  5.6607E-09  5.5876E-09
  912000  8.3285E-09  6.0546E-09  5.9979E-09
  913000  8.2277E-09  5.8014E-09  5.7388E-09
  914000  8.1268E-09  5.9521E-09  5.8970E-09
  915000  8.0263E-09  5.2645E-09  5.1982E-09
  916000  7.9279E-09  5.2595E-09  5.1883E-09
  917000  7.8328E-09  5.3336E-09  5.2734E-09
  918000  7.7386E-09  5.4762E-09  5.4209E-09
  919000  7.6444E-09  5.1720E-09  5.1109E-09
  920000  7.5510E-09  5.2136E-09  5.1566E-09
  921000  7.4588E-09  5.2253E-09  5.1715E-09
  922000  7.3680E-09  5.0935E-09  5.0393E-09
  923000  7.2786E-09  4.7924E-09  4.7336E-09
  924000  7.1901E-09  4.6691E-09  4.6110E-09
  925000  7.1015E-09  4.4687E-09  4.4112E-09
  926000  7.0137E-09  4.1985E-09  4.1305E-09
  927000  6.9300E-09  4.3635E-09  4.3072E-09
  928000  6.8449E-09  3.9433E-09  3.8813E-09
  929000  6.7618E-09  4.0346E-09  3.9778E-09
  930000  6.6785E-09  3.5253E-09  3.4546E-09
  931000  6.5988E-09  3.4722E-09  3.4079E-09
  932000  6.5180E-09  3.3888E-09  3.3248E-09
  933000  6.4382E-09  3.1994E-09  3.1340E-09
  934000  6.3599E-09  2.9954E-09  2.9271E-09
  935000  6.2828E-09  2.6424E-09  2.5651E-09
  936000  6.2055E-09  2.4448E-09  2.3627E-09
  937000  6.1300E-09  2.3727E-09  2.2919E-09
  938000  6.0549E-09  2.0985E-09  2.0047E-09
  939000  5.9818E-09  1.9843E-09  1.8925E-09
  940000  5.9089E-09  1.8415E-09  1.7447E-09
  941000  5.8366E-09  1.7079E-09  1.6033E-09
  942000  5.7653E-09  1.6212E-09  1.5130E-09
  943000  5.6955E-09  1.5469E-09  1.4388E-09
  944000  5.6260E-09  1.5371E-09  1.4302E-09
  945000  5.5573E-09  1.5428E-09  1.4384E-09
  946000  5.4898E-09  1.5745E-09  1.4754E-09
  947000  5.4231E-09  1.5971E-09  1.5027E-09
  948000  5.3564E-09  1.6806E-09  1.5886E-09
  949000  5.2918E-09  1.9203E-09  1.8467E-09
  950000  5.2277E-09  2.1355E-09  2.0712E-09
  951000  5.1638E-09  2.2463E-09  2.1867E-09
  952000  5.0999E-09  2.2974E-09  2.2335E-09
  953000  5.0392E-09  2.3610E-09  2.3051E-09
  954000  4.9768E-09  2.4324E-09  2.3788E-09
  955000  4.9158E-09  2.3778E-09  2.3192E-09
  956000  4.8559E-09  2.3689E-09  2.3110E-09
  957000  4.7969E-09  2.3730E-09  2.3194E-09
  958000  4.7395E-09  2.4567E-09  2.4080E-09
  959000  4.6814E-09  2.2608E-09  2.2098E-09
  960000  4.6246E-09  2.4453E-09  2.3999E-09
  961000  4.5673E-09  2.2359E-09  2.1814E-09
  962000  4.5125E-09  2.1470E-09  2.0971E-09
  963000  4.4579E-09  2.1758E-09  2.1309E-09
  964000  4.4035E-09  2.1015E-09  2.0552E-09
  965000  4.3492E-09  1.9691E-09  1.9145E-09
  966000  4.2961E-09  2.0282E-09  1.9784E-09
  967000  4.2448E-09  1.9449E-09  1.8954E-09
  968000  4.1920E-09  1.8402E-09  1.7851E-09
  969000  4.1420E-09  1.8216E-09  1.7718E-09
  970000  4.0888E-09  1.7910E-09  1.7410E-09
  971000  4.0392E-09  1.6147E-09  1.5586E-09
  972000  3.9906E-09  1.6381E-09  1.5899E-09
  973000  3.9421E-09  1.5516E-09  1.4997E-09
  974000  3.8940E-09  1.4763E-09  1.4218E-09
  975000  3.8466E-09  1.4024E-09  1.3465E-09
  976000  3.7998E-09  1.3172E-09  1.2596E-09
  977000  3.7535E-09  1.2431E-09  1.1851E-09
  978000  3.7077E-09  1.1589E-09  1.0987E-09
  979000  3.6623E-09  1.0401E-09  9.7178E-10
  980000  3.6176E-09  9.7190E-10  8.9945E-10
  981000  3.5737E-09  8.8854E-10  8.1253E-10
  982000  3.5303E-09  8.0678E-10  7.2518E-10
  983000  3.4873E-09  7.6766E-10  6.8362E-10
  984000  3.4448E-09  7.5434E-10  6.7063E-10
  985000  3.4029E-09  7.4505E-10  6.6238E-10
  986000  3.3615E-09  7.3635E-10  6.5474E-10
  987000  3.3206E-09  7.2721E-10  6.4657E-10
  988000  3.2802E-09  7.1829E-10  6.3863E-10
  989000  3.2403E-09  7.0976E-10  6.3110E-10
  990000  3.2009E-09  7.0137E-10  6.2369E-10
  991000  3.1620E-09  6.9261E-10  6.1586E-10
  992000  3.1235E-09  6.8417E-10  6.0835E-10
  993000  3.0855E-09  6.7602E-10  6.0114E-10
  994000  3.0479E-09  6.6794E-10  5.9399E-10
  995000  3.0108E-09  6.5931E-10  5.8620E-10
  996000  2.9742E-09  6.5175E-10  5.7957E-10
  997000  2.9380E-09  6.4343E-10  5.7209E-10
  998000  2.9022E-09  6.3623E-10  5.6583E-10
  999000  2.8669E-09  6.2806E-10  5.5847E-10
 1000000  2.8320E-09  6.2051E-10  5.5177E-10
 1001000  2.7976E-09  6.1343E-10  5.4552E-10
 1002000  2.7643E-09  1.7573E-09  1.7243E-09
 1003000  2.7298E-09  2.0033E-09  1.9770E-09
 1004000  2.6972E-09  1.8798E-09  1.8587E-09
 1005000  2.6643E-09  1.7841E-09  1.7621E-09
 1006000  2.6317E-09  1.3083E-09  1.2769E-09
 1007000  2.5993E-09  5.6954E-10  5.0638E-10
 1008000  2.5677E-09  5.6306E-10  5.0077E-10
 1009000  2.5364E-09  5.5660E-10  4.9512E-10
 1010000  2.5055E-09  5.4983E-10  4.8910E-10
 1011000  2.4750E-09  5.4290E-10  4.8288E-10
 1012000  2.4449E-09  5.3602E-10  4.7670E-10
 1013000  2.4151E-09  5.2930E-10  4.7068E-10
 1014000  2.3857E-09  5.2310E-10  4.6522E-10
 1015000  2.3567E-09  5.1716E-10  4.6004E-10
 1016000  2.3280E-09  5.1099E-10  4.5459E-10
 1017000  2.2997E-09  5.0543E-10  4.4979E-10
 1018000  2.2717E-09  4.9818E-10  4.4308E-10
 1019000  2.2440E-09  4.9256E-10  4.3818E-10
 1020000  2.2167E-09  4.8689E-10  4.3322E-10
 1021000  2.1897E-09  4.8027E-10  4.2717E-10
 1022000  2.1631E-09  4.7507E-10  4.2269E-10
 1023000  2.1367E-09  4.6896E-10  4.1719E-10
 1024000  2.1107E-09  4.6423E-10  4.1320E-10
 1025000  2.0851E-09  4.5817E-10  4.0773E-10
 1026000  2.0596E-09  1.2617E-09  1.2414E-09
 1027000  2.0349E-09  8.3973E-10  8.1420E-10
 1028000  2.0098E-09  1.1225E-09  1.1026E-09
 1029000  1.9857E-09  1.2801E-09  1.2627E-09
 1030000  1.9614E-09  1.2173E-09  1.2003E-09
 1031000  1.9375E-09  1.2532E-09  1.2367E-09
 1032000  1.9139E-09  1.2187E-09  1.2025E-09
 1033000  1.8910E-09  1.3069E-09  1.2925E-09
 1034000  1.8677E-09  1.2216E-09  1.2054E-09
 1035000  1.8450E-09  1.1595E-09  1.1431E-09
 1036000  1.8227E-09  1.1524E-09  1.1376E-09
 1037000  1.8002E-09  1.0524E-09  1.0363E-09
 1038000  1.7782E-09  9.3592E-10  9.1782E-10
 1039000  1.7567E-09  8.8011E-10  8.6232E-10
 1040000  1.7350E-09  7.5876E-10  7.3832E-10
 1041000  1.7139E-09  6.9122E-10  6.6903E-10
 1042000  1.6931E-09  7.0986E-10  6.8907E-10
 1043000  1.6726E-09  7.7947E-10  7.6113E-10
 1044000  1.6524E-09  7.7374E-10  7.5614E-10
 1045000  1.6321E-09  7.2585E-10  7.0706E-10
 1046000  1.6122E-09  7.2611E-10  7.0762E-10
 1047000  1.5928E-09  7.3774E-10  7.2065E-10
 1048000  1.5733E-09  6.8367E-10  6.6513E-10
 1049000  1.5539E-09  6.4936E-10  6.3027E-10
 1050000  1.5352E-09  6.4401E-10  6.2519E-10
 1051000  1.5165E-09  4.7618E-10  4.5153E-10
 1052000  1.4979E-09  3.3044E-10  2.9434E-10
 1053000  1.4797E-09  3.2626E-10  2.9058E-10
 1054000  1.4617E-09  3.2243E-10  2.8721E-10
 1055000  1.4439E-09  3.1951E-10  2.8484E-10
 1056000  1.4263E-09  3.1545E-10  2.8118E-10
 1057000  1.4089E-09  3.1187E-10  2.7805E-10
 1058000  1.3918E-09  3.0713E-10  2.7361E-10
 1059000  1.3748E-09  3.0401E-10  2.7096E-10
 1060000  1.3581E-09  3.0081E-10  2.6823E-10
 1061000  1.3415E-09  2.9627E-10  2.6399E-10
 1062000  1.3252E-09  2.9330E-10  2.6148E-10
 1063000  1.3091E-09  2.9047E-10  2.5913E-10
 1064000  1.2931E-09  2.8642E-10  2.5539E-10
 1065000  1.2774E-09  2.8319E-10  2.5257E-10
 1066000  1.2618E-09  2.7991E-10  2.4969E-10
 1067000  1.2465E-09  2.7711E-10  2.4732E-10
 1068000  1.2313E-09  2.7328E-10  2.4379E-10
 1069000  1.2163E-09  2.6959E-10  2.4038E-10
 1070000  1.2014E-09  2.6637E-10  2.3754E-10
 1071000  1.1867E-09  2.6251E-10  2.3398E-10
 1072000  1.1723E-09  2.6021E-10  2.3214E-10
 1073000  1.1580E-09  2.5737E-10  2.2969E-10
 1074000  1.1438E-09  2.5503E-10  2.2778E-10
 1075000  1.1299E-09  2.5165E-10  2.2471E-10
 1076000  1.1161E-09  2.4813E-10  2.2146E-10
 1077000  1.1025E-09  2.4574E-10  2.1947E-10
 1078000  1.0891E-09  2.4292E-10  2.1698E-10
 1079000  1.0757E-09  2.3954E-10  2.1388E-10
 1080000  1.0626E-09  2.3742E-10  2.1217E-10
 1081000  1.0497E-09  2.3469E-10  2.0976E-10
 1082000  1.0369E-09  2.3167E-10  2.0704E-10
 1083000  1.0243E-09  2.2857E-10  2.0420E-10
 1084000  1.0118E-09  2.2506E-10  2.0090E-10
 1085000  9.9947E-10  2.2412E-10  2.0047E-10
 1086000  9.8730E-10  2.1989E-10  1.9635E-10
 1087000  9.7528E-10  2.1816E-10  1.9502E-10
 1088000  9.6341E-10  2.1452E-10  1.9155E-10
 1089000  9.5168E-10  2.1286E-10  1.9028E-10
 1090000  9.4009E-10  2.1161E-10  1.8946E-10
 1091000  9.2864E-10  2.0825E-10  1.8628E-10
 1092000  9.1734E-10  2.0617E-10  1.8453E-10
 1093000  9.0617E-10  2.0403E-10  1.8269E-10
 1094000  8.9514E-10  2.0093E-10  1.7977E-10
 1095000  8.8424E-10  1.9976E-10  1.7901E-10
 1096000  8.7347E-10  1.9603E-10  1.7538E-10
 1097000  8.6284E-10  1.9590E-10  1.7577E-10
 1098000  8.5234E-10  1.9078E-10  1.7058E-10
 1099000  8.4196E-10  1.9060E-10  1.7089E-10
 1100000  8.3171E-10  1.8615E-10  1.6644E-10
 1101000  8.2159E-10  1.8531E-10  1.6600E-10
 1102000  8.1159E-10  1.8229E-10  1.6312E-10
 1103000  8.0171E-10  1.8325E-10  1.6469E-10
 1104000  7.9195E-10  1.7718E-10  1.5839E-10
 1105000  7.8231E-10  1.7558E-10  1.5710E-10
 1106000  7.7279E-10  1.7734E-10  1.5952E-10
 1107000  7.6338E-10  1.7324E-10  1.5543E-10
 1108000  7.5409E-10  1.7278E-10  1.5537E-10
 1109000  7.4492E-10  1.7006E-10  1.5280E-10
 1110000  7.3585E-10  1.6635E-10  1.4910E-10
 1111000  7.2690E-10  1.6477E-10  1.4779E-10
 1112000  7.1806E-10  1.6240E-10  1.4559E-10
 1113000  7.0932E-10  1.6280E-10  1.4646E-10
 1114000  7.0070E-10  1.5942E-10  1.4312E-10
 1115000  6.9218E-10  1.5746E-10  1.4135E-10
 1116000  6.8377E-10  1.5827E-10  1.4267E-10
 1117000  6.7547E-10  1.5511E-10  1.3957E-10
 1118000  6.6727E-10  1.5508E-10  1.3992E-10
 1119000  6.5918E-10  1.4956E-10  1.3419E-10
 1120000  6.5117E-10  1.4963E-10  1.3465E-10
 1121000  6.4326E-10  1.4852E-10  1.3380E-10
 1122000  6.3544E-10  1.4743E-10  1.3297E-10
 1123000  6.2771E-10  1.4634E-10  1.3213E-10
 1124000  6.2008E-10  1.4646E-10  1.3262E-10
 1125000  6.1254E-10  1.4195E-10  1.2800E-10
 1126000  6.0509E-10  1.4033E-10  1.2655E-10
 1127000  5.9772E-10  1.3996E-10  1.2649E-10
 1128000  5.9045E-10  1.3825E-10  1.2495E-10
 1129000  5.8327E-10  1.3274E-10  1.1918E-10
 1130000  5.7617E-10  1.3192E-10  1.1861E-10
 1131000  5.6916E-10  1.3255E-10  1.1965E-10
 1132000  5.6223E-10  1.3241E-10  1.1983E-10
 1133000  5.5539E-10  1.2789E-10  1.1514E-10
 1134000  5.4863E-10  1.2805E-10  1.1565E-10
 1135000  5.4195E-10  1.2654E-10  1.1429E-10
 1136000  5.3535E-10  1.2528E-10  1.1320E-10
 1137000  5.2884E-10  1.2501E-10  1.1322E-10
 1138000  5.2240E-10  1.2408E-10  1.1250E-10
 1139000  5.1604E-10  1.2323E-10  1.1186E-10
 1140000  5.0976E-10  1.2285E-10  1.1173E-10
 1141000  5.0355E-10  1.2093E-10  1.0991E-10
 1142000  4.9742E-10  1.1532E-10  1.0399E-10
 1143000  4.9137E-10  1.1614E-10  1.0519E-10
 1144000  4.8538E-10  1.1393E-10  1.0303E-10
 1145000  4.7948E-10  1.1444E-10  1.0386E-10
 1146000  4.7364E-10  1.1490E-10  1.0464E-10
 1147000  4.6787E-10  1.1276E-10  1.0255E-10
 1148000  4.6218E-10  1.1035E-10  1.0016E-10
 1149000  4.5655E-10  1.1042E-10  1.0050E-10
 1150000  4.5099E-10  1.0887E-10  9.9044E-11
 1151000  4.4550E-10  1.0988E-10  1.0040E-10
 1152000  4.4008E-10  1.0819E-10  9.8798E-11
 1153000  4.3472E-10  1.0397E-10  9.4401E-11
 1154000  4.2943E-10  1.0466E-10  9.5409E-11
 1155000  4.2420E-10  1.0544E-10  9.6500E-11
 1156000  4.1903E-10  1.0189E-10  9.2834E-11
 1157000  4.1393E-10  1.0317E-10  9.4471E-11
 1158000  4.0889E-10  1.0109E-10  9.2408E-11
 1159000  4.0391E-10  1.0106E-10  9.2599E-11
 1160000  3.9899E-10  9.9262E-11  9.0853E-11
 1161000  3.9414E-10  1.0201E-10  9.4056E-11
 1162000  3.8934E-10  9.4218E-11  8.5760E-11
 1163000  3.8460E-10  9.7097E-11  8.9116E-11
 1164000  3.7991E-10  9.4692E-11  8.6704E-11
 1165000  3.7529E-10  9.3287E-11  8.5373E-11
 1166000  3.7072E-10  9.4191E-11  8.6562E-11
 1167000  3.6621E-10  9.4462E-11  8.7047E-11
 1168000  3.6175E-10  9.3927E-11  8.6653E-11
 1169000  3.5734E-10  8.9965E-11  8.2532E-11
 1170000  3.5299E-10  8.9424E-11  8.2135E-11
 1171000  3.4869E-10  8.8040E-11  8.0805E-11
 1172000  3.4445E-10  8.8883E-11  8.1910E-11
 1173000  3.4025E-10  8.4118E-11  7.6899E-11
 1174000  3.3611E-10  8.5278E-11  7.8353E-11
 1175000  3.3202E-10  8.9373E-11  8.2958E-11
 1176000  3.2797E-10  8.3424E-11  7.6675E-11
 1177000  3.2398E-10  8.3871E-11  7.7334E-11
 1178000  3.2004E-10  8.3569E-11  7.7177E-11
 1179000  3.1614E-10  8.5737E-11  7.9680E-11
 1180000  3.1229E-10  8.3998E-11  7.7951E-11
 1181000  3.0849E-10  8.2255E-11  7.6230E-11
 1182000  3.0473E-10  7.9958E-11  7.3900E-11
 1183000  3.0102E-10  8.0326E-11  7.4447E-11
 1184000  2.9735E-10  8.4072E-11  7.8624E-11
 1185000  2.9373E-10  8.1267E-11  7.5746E-11
 1186000  2.9016E-10  8.0479E-11  7.5048E-11
 1187000  2.8662E-10  7.6645E-11  7.1065E-11
 1188000  2.8313E-10  7.5193E-11  6.9639E-11
 1189000  2.7968E-10  7.8145E-11  7.2947E-11
 1190000  2.7628E-10  7.6084E-11  7.0875E-11
 1191000  2.7291E-10  7.8135E-11  7.3195E-11
 1192000  2.6959E-10  7.6341E-11  7.1412E-11
 1193000  2.6631E-10  7.0970E-11  6.5765E-11
 1194000  2.6306E-10  7.4348E-11  6.9529E-11
 1195000  2.5986E-10  7.0018E-11  6.5005E-11
 1196000  2.5669E-10  7.1756E-11  6.6990E-11
 1197000  2.5357E-10  7.3487E-11  6.8958E-11
 1198000  2.5049E-10  7.3673E-11  6.9220E-11
 1199000  2.4744E-10  6.9474E-11  6.4903E-11
 1200000  2.4443E-10  7.4152E-11  6.9990E-11
 1201000  2.4145E-10  6.8841E-11  6.4459E-11
 1202000  2.3851E-10  6.8924E-11  6.4646E-11
 1203000  2.3561E-10  6.9971E-11  6.5880E-11
 1204000  2.3274E-10  6.9605E-11  6.5578E-11
 1205000  2.2990E-10  6.8627E-11  6.4643E-11
 1206000  2.2710E-10  6.9837E-11  6.6033E-11
 1207000  2.2434E-10  6.6818E-11  6.2932E-11
 1208000  2.2160E-10  6.4191E-11  6.0232E-11
 1209000  2.1891E-10  6.3804E-11  5.9915E-11
 1210000  2.1624E-10  6.5578E-11  6.1900E-11
 1211000  2.1361E-10  6.4865E-11  6.1236E-11
 1212000  2.1101E-10  6.6956E-11  6.3535E-11
 1213000  2.0844E-10  6.9765E-11  6.6564E-11
 1214000  2.0590E-10  6.0944E-11  5.7348E-11
 1215000  2.0339E-10  6.5136E-11  6.1868E-11
 1216000  2.0092E-10  6.3824E-11  6.0572E-11
 1217000  1.9847E-10  6.3930E-11  6.0759E-11
 1218000  1.9605E-10  6.3710E-11  6.0618E-11
 1219000  1.9367E-10  6.7989E-11  6.5173E-11
 1220000  1.9131E-10  6.3826E-11  6.0889E-11
 1221000  1.8898E-10  6.3559E-11  6.0685E-11
 1222000  1.8668E-10  6.1407E-11  5.8491E-11
 1223000  1.8440E-10  6.0392E-11  5.7494E-11
 1224000  1.8216E-10  6.4460E-11  6.1828E-11
 1225000  1.7994E-10  5.4538E-11  5.1478E-11
 1226000  1.7775E-10  5.9241E-11  5.6502E-11
 1227000  1.7559E-10  6.1374E-11  5.8807E-11
 1228000  1.7345E-10  6.1342E-11  5.8841E-11
 1229000  1.7133E-10  5.8471E-11  5.5894E-11
 1230000  1.6925E-10  5.7658E-11  5.5108E-11
 1231000  1.6719E-10  6.2546E-11  6.0265E-11
 1232000  1.6515E-10  5.5402E-11  5.2877E-11
 1233000  1.6314E-10  5.6822E-11  5.4422E-11
 1234000  1.6115E-10  5.9040E-11  5.6795E-11
 1235000  1.5919E-10  5.5441E-11  5.3096E-11
 1236000  1.5725E-10  5.4599E-11  5.2268E-11
 1237000  1.5534E-10  5.3761E-11  5.1460E-11
 1238000  1.5345E-10  5.6292E-11  5.4157E-11
 1239000  1.5158E-10  6.5088E-11  6.3297E-11
 1240000  1.4973E-10  5.4820E-11  5.2735E-11
 1241000  1.4791E-10  5.5623E-11  5.3613E-11
 1242000  1.4611E-10  5.5826E-11  5.3874E-11
 1243000  1.4433E-10  5.3885E-11  5.1912E-11
 1244000  1.4257E-10  5.5736E-11  5.3873E-11
 1245000  1.4083E-10  5.6028E-11  5.4230E-11
 1246000  1.3912E-10  5.6973E-11  5.5244E-11
 1247000  1.3743E-10  5.7470E-11  5.5795E-11
 1248000  1.3575E-10  5.4505E-11  5.2785E-11
 1249000  1.3410E-10  5.3605E-11  5.1897E-11
 1250000  1.3247E-10  5.3426E-11  5.1753E-11
 1251000  1.3085E-10  5.4684E-11  5.3095E-11
 1252000  1.2926E-10  5.0323E-11  4.8629E-11
 1253000  1.2769E-10  5.3016E-11  5.1458E-11
 1254000  1.2613E-10  5.8525E-11  5.7153E-11
 1255000  1.2459E-10  5.7317E-11  5.5946E-11
 1256000  1.2308E-10  5.2781E-11  5.1322E-11
 1257000  1.2158E-10  5.6569E-11  5.5250E-11
 1258000  1.2010E-10  5.9879E-11  5.8673E-11
 1259000  1.1864E-10  5.5191E-11  5.3900E-11
 1260000  1.1719E-10  4.8819E-11  4.7385E-11
 1261000  1.1576E-10  5.1970E-11  5.0673E-11
 1262000  1.1435E-10  5.2049E-11  5.0772E-11
 1263000  1.1296E-10  5.8782E-11  5.7694E-11
 1264000  1.1158E-10  4.7993E-11  4.6685E-11
 1265000  1.1023E-10  5.0081E-11  4.8855E-11
 1266000  1.0888E-10  5.4480E-11  5.3384E-11
 1267000  1.0756E-10  6.0195E-11  5.9237E-11
 1268000  1.0625E-10  5.8159E-11  5.7184E-11
 1269000  1.0495E-10  5.4543E-11  5.3523E-11
 1270000  1.0368E-10  5.4180E-11  5.3174E-11
 1271000  1.0241E-10  5.1801E-11  5.0779E-11
 1272000  1.0117E-10  5.3351E-11  5.2399E-11
 1273000  9.9933E-11  5.4927E-11  5.4010E-11
 1274000  9.8716E-11  4.9327E-11  4.8324E-11
 1275000  9.7513E-11  5.0256E-11  4.9304E-11
 1276000  9.6325E-11  4.7878E-11  4.6902E-11
 1277000  9.5152E-11  4.7536E-11  4.6576E-11
 1278000  9.3994E-11  5.1888E-11  5.1038E-11
 1279000  9.2848E-11  4.4314E-11  4.3340E-11
 1280000  9.1718E-11  4.9799E-11  4.8958E-11
 1281000  9.0600E-11  4.7273E-11  4.6398E-11
 1282000  8.9497E-11  5.2488E-11  5.1720E-11
 1283000  8.8408E-11  5.6035E-11  5.5341E-11
 1284000  8.7330E-11  4.8425E-11  4.7639E-11
 1285000  8.6266E-11  5.1010E-11  5.0285E-11
