       1  5.3670E+08  3.4405E+14  3.4336E+14
    1000  1.9795E+06  2.2336E+11  2.2301E+11
    2000  6.9535E+05  5.2906E+10  5.2630E+10
    3000  3.6757E+05  1.9093E+10  1.8843E+10
    4000  2.5980E+05  8.4950E+09  8.2710E+09
    5000  2.0944E+05  4.6424E+09  4.4498E+09
    6000  1.7870E+05  2.9865E+09  2.8254E+09
    7000  1.5722E+05  2.1398E+09  2.0052E+09
    8000  1.4104E+05  1.6371E+09  1.5239E+09
    9000  1.2835E+05  1.3153E+09  1.2187E+09
   10000  1.1808E+05  1.0916E+09  1.0079E+09
   11000  1.0955E+05  9.2696E+08  8.5353E+08
   12000  1.0234E+05  8.0104E+08  7.3591E+08
   13000  9.6157E+04  7.0183E+08  6.4350E+08
   14000  9.0784E+04  6.2185E+08  5.6917E+08
   15000  8.6066E+04  5.5618E+08  5.0827E+08
   16000  8.1885E+04  5.0143E+08  4.5758E+08
   17000  7.8150E+04  4.5524E+08  4.1489E+08
   18000  7.4788E+04  4.1577E+08  3.7847E+08
   19000  7.1745E+04  3.8203E+08  3.4739E+08
   20000  6.8980E+04  3.5226E+08  3.1998E+08
   21000  6.6454E+04  3.2639E+08  2.9615E+08
   22000  6.4131E+04  3.0355E+08  2.7518E+08
   23000  6.1987E+04  2.8319E+08  2.5650E+08
   24000  6.0006E+04  2.6512E+08  2.3990E+08
   25000  5.8167E+04  2.4889E+08  2.2505E+08
   26000  5.6454E+04  2.3426E+08  2.1165E+08
   27000  5.4855E+04  2.2100E+08  1.9951E+08
   28000  5.3357E+04  2.0897E+08  1.8851E+08
   29000  5.1952E+04  1.9800E+08  1.7849E+08
   30000  5.0630E+04  1.8801E+08  1.6938E+08
   31000  4.9383E+04  1.7881E+08  1.6098E+08
   32000  4.8205E+04  1.7040E+08  1.5331E+08
   33000  4.7091E+04  1.6263E+08  1.4622E+08
   34000  4.6035E+04  1.5547E+08  1.3971E+08
   35000  4.5031E+04  1.4882E+08  1.3365E+08
   36000  4.4077E+04  1.4268E+08  1.2806E+08
   37000  4.3166E+04  1.3693E+08  1.2283E+08
   38000  4.2297E+04  1.3161E+08  1.1799E+08
   39000  4.1466E+04  1.2665E+08  1.1349E+08
   40000  4.0671E+04  1.2202E+08  1.0929E+08
   41000  3.9909E+04  1.1769E+08  1.0535E+08
   42000  3.9178E+04  1.1362E+08  1.0166E+08
   43000  3.8475E+04  1.0983E+08  9.8217E+07
   44000  3.7799E+04  1.0629E+08  9.5001E+07
   45000  3.7147E+04  1.0294E+08  9.1971E+07
   46000  3.6518E+04  9.9813E+07  8.9136E+07
   47000  3.5911E+04  9.6872E+07  8.6481E+07
   48000  3.5324E+04  9.4097E+07  8.3974E+07
   49000  3.4756E+04  9.1477E+07  8.1597E+07
   50000  3.4206E+04  8.9020E+07  7.9378E+07
   51000  3.3673E+04  8.6694E+07  7.7279E+07
   52000  3.3155E+04  8.4491E+07  7.5282E+07
   53000  3.2652E+04  8.2405E+07  7.3406E+07
   54000  3.2163E+04  8.0417E+07  7.1605E+07
   55000  3.1687E+04  7.8543E+07  6.9915E+07
   56000  3.1224E+04  7.6757E+07  6.8311E+07
   57000  3.0772E+04  7.5069E+07  6.6801E+07
   58000  3.0331E+04  7.3469E+07  6.5358E+07
   59000  2.9900E+04  7.1935E+07  6.3972E+07
   60000  2.9481E+04  7.0442E+07  6.2648E+07
   61000  2.9069E+04  6.9083E+07  6.1415E+07
   62000  2.8667E+04  6.7759E+07  6.0230E+07
   63000  2.8274E+04  6.6470E+07  5.9077E+07
   64000  2.7888E+04  6.5248E+07  5.7986E+07
   65000  2.7510E+04  6.4067E+07  5.6922E+07
   66000  2.7140E+04  6.2937E+07  5.5910E+07
   67000  2.6777E+04  6.1856E+07  5.4941E+07
   68000  2.6421E+04  6.0807E+07  5.4004E+07
   69000  2.6071E+04  5.9803E+07  5.3109E+07
   70000  2.5727E+04  5.8842E+07  5.2249E+07
   71000  2.5390E+04  5.7892E+07  5.1402E+07
   72000  2.5058E+04  5.6975E+07  5.0582E+07
   73000  2.4732E+04  5.6090E+07  4.9793E+07
   74000  2.4411E+04  5.5233E+07  4.9029E+07
   75000  2.4096E+04  5.4404E+07  4.8291E+07
   76000  2.3785E+04  5.3595E+07  4.7568E+07
   77000  2.3480E+04  5.2806E+07  4.6866E+07
   78000  2.3179E+04  5.2039E+07  4.6184E+07
   79000  2.2883E+04  5.1292E+07  4.5518E+07
   80000  2.2592E+04  5.0563E+07  4.4869E+07
   81000  2.2304E+04  4.9849E+07  4.4235E+07
   82000  2.2021E+04  4.9155E+07  4.3617E+07
   83000  2.1743E+04  4.8475E+07  4.3013E+07
   84000  2.1468E+04  4.7812E+07  4.2423E+07
   85000  2.1197E+04  4.7162E+07  4.1846E+07
   86000  2.0930E+04  4.6524E+07  4.1279E+07
   87000  2.0666E+04  4.5901E+07  4.0725E+07
   88000  2.0407E+04  4.5286E+07  4.0179E+07
   89000  2.0150E+04  4.4685E+07  3.9644E+07
   90000  1.9898E+04  4.4096E+07  3.9120E+07
   91000  1.9649E+04  4.3517E+07  3.8608E+07
   92000  1.9403E+04  4.2948E+07  3.8101E+07
   93000  1.9160E+04  4.2385E+07  3.7601E+07
   94000  1.8921E+04  4.1837E+07  3.7114E+07
   95000  1.8685E+04  4.1296E+07  3.6634E+07
   96000  1.8452E+04  4.0765E+07  3.6162E+07
   97000  1.8222E+04  4.0243E+07  3.5697E+07
   98000  1.7995E+04  3.9728E+07  3.5241E+07
   99000  1.7771E+04  3.9220E+07  3.4792E+07
  100000  1.7550E+04  3.8720E+07  3.4347E+07
  101000  1.7332E+04  3.8227E+07  3.3910E+07
  102000  1.7116E+04  3.7742E+07  3.3480E+07
  103000  1.6904E+04  3.7264E+07  3.3056E+07
  104000  1.6694E+04  3.6793E+07  3.2638E+07
  105000  1.6487E+04  3.6330E+07  3.2227E+07
  106000  1.6282E+04  3.5871E+07  3.1819E+07
  107000  1.6080E+04  3.5419E+07  3.1418E+07
  108000  1.5881E+04  3.4975E+07  3.1024E+07
  109000  1.5684E+04  3.4537E+07  3.0637E+07
  110000  1.5490E+04  3.4104E+07  3.0252E+07
  111000  1.5298E+04  3.3678E+07  2.9874E+07
  112000  1.5108E+04  3.3256E+07  2.9499E+07
  113000  1.4921E+04  3.2841E+07  2.9131E+07
  114000  1.4737E+04  3.2431E+07  2.8768E+07
  115000  1.4554E+04  3.2027E+07  2.8410E+07
  116000  1.4374E+04  3.1627E+07  2.8055E+07
  117000  1.4196E+04  3.1233E+07  2.7706E+07
  118000  1.4021E+04  3.0844E+07  2.7360E+07
  119000  1.3847E+04  3.0460E+07  2.7020E+07
  120000  1.3676E+04  3.0082E+07  2.6685E+07
  121000  1.3507E+04  2.9710E+07  2.6353E+07
  122000  1.3340E+04  2.9340E+07  2.6026E+07
  123000  1.3175E+04  2.8976E+07  2.5703E+07
  124000  1.3012E+04  2.8617E+07  2.5384E+07
  125000  1.2851E+04  2.8261E+07  2.5068E+07
  126000  1.2692E+04  2.7910E+07  2.4757E+07
  127000  1.2535E+04  2.7564E+07  2.4450E+07
  128000  1.2380E+04  2.7222E+07  2.4146E+07
  129000  1.2227E+04  2.6883E+07  2.3846E+07
  130000  1.2076E+04  2.6549E+07  2.3549E+07
  131000  1.1927E+04  2.6219E+07  2.3257E+07
  132000  1.1779E+04  2.5894E+07  2.2968E+07
  133000  1.1634E+04  2.5572E+07  2.2682E+07
  134000  1.1490E+04  2.5256E+07  2.2402E+07
  135000  1.1348E+04  2.4942E+07  2.2124E+07
  136000  1.1208E+04  2.4634E+07  2.1850E+07
  137000  1.1069E+04  2.4327E+07  2.1578E+07
  138000  1.0932E+04  2.4026E+07  2.1311E+07
  139000  1.0797E+04  2.3728E+07  2.1046E+07
  140000  1.0664E+04  2.3435E+07  2.0786E+07
  141000  1.0532E+04  2.3143E+07  2.0528E+07
  142000  1.0402E+04  2.2855E+07  2.0273E+07
  143000  1.0273E+04  2.2571E+07  2.0021E+07
  144000  1.0146E+04  2.2291E+07  1.9771E+07
  145000  1.0021E+04  2.2016E+07  1.9527E+07
  146000  9.8972E+03  2.1744E+07  1.9285E+07
  147000  9.7749E+03  2.1474E+07  1.9045E+07
  148000  9.6542E+03  2.1208E+07  1.8810E+07
  149000  9.5349E+03  2.0945E+07  1.8577E+07
  150000  9.4171E+03  2.0686E+07  1.8347E+07
  151000  9.3008E+03  2.0430E+07  1.8119E+07
  152000  9.1859E+03  2.0176E+07  1.7895E+07
  153000  9.0724E+03  1.9926E+07  1.7672E+07
  154000  8.9604E+03  1.9680E+07  1.7455E+07
  155000  8.8497E+03  1.9436E+07  1.7239E+07
  156000  8.7404E+03  1.9194E+07  1.7025E+07
  157000  8.6325E+03  1.8957E+07  1.6813E+07
  158000  8.5259E+03  1.8721E+07  1.6605E+07
  159000  8.4206E+03  1.8490E+07  1.6400E+07
  160000  8.3166E+03  1.8263E+07  1.6199E+07
  161000  8.2140E+03  1.8037E+07  1.5998E+07
  162000  8.1126E+03  1.7814E+07  1.5800E+07
  163000  8.0124E+03  1.7594E+07  1.5606E+07
  164000  7.9135E+03  1.7375E+07  1.5411E+07
  165000  7.8158E+03  1.7160E+07  1.5221E+07
  166000  7.7193E+03  1.6949E+07  1.5033E+07
  167000  7.6240E+03  1.6738E+07  1.4846E+07
  168000  7.5299E+03  1.6533E+07  1.4664E+07
  169000  7.4370E+03  1.6327E+07  1.4482E+07
  170000  7.3451E+03  1.6126E+07  1.4303E+07
  171000  7.2545E+03  1.5925E+07  1.4125E+07
  172000  7.1650E+03  1.5730E+07  1.3953E+07
  173000  7.0765E+03  1.5535E+07  1.3779E+07
  174000  6.9892E+03  1.5342E+07  1.3609E+07
  175000  6.9031E+03  1.5154E+07  1.3442E+07
  176000  6.8179E+03  1.4969E+07  1.3277E+07
  177000  6.7338E+03  1.4783E+07  1.3113E+07
  178000  6.6507E+03  1.4600E+07  1.2950E+07
  179000  6.5686E+03  1.4420E+07  1.2790E+07
  180000  6.4875E+03  1.4242E+07  1.2633E+07
  181000  6.4075E+03  1.4066E+07  1.2477E+07
  182000  6.3283E+03  1.3953E+07  1.2403E+07
  183000  6.2502E+03  1.3721E+07  1.2171E+07
  184000  6.1731E+03  1.3550E+07  1.2018E+07
  185000  6.0969E+03  1.3383E+07  1.1870E+07
  186000  6.0217E+03  1.3216E+07  1.1723E+07
  187000  5.9474E+03  1.3053E+07  1.1578E+07
  188000  5.8740E+03  1.2893E+07  1.1435E+07
  189000  5.8016E+03  1.2738E+07  1.1295E+07
  190000  5.7300E+03  1.2585E+07  1.1162E+07
  191000  5.6593E+03  1.2422E+07  1.1021E+07
  192000  5.5896E+03  1.2275E+07  1.0886E+07
  193000  5.5206E+03  1.2125E+07  1.0755E+07
  194000  5.4525E+03  1.1967E+07  1.0618E+07
  195000  5.3852E+03  1.1820E+07  1.0484E+07
  196000  5.3188E+03  1.1673E+07  1.0354E+07
  197000  5.2532E+03  1.1528E+07  1.0225E+07
  198000  5.1884E+03  1.1386E+07  1.0099E+07
  199000  5.1244E+03  1.1246E+07  9.9741E+06
  200000  5.0612E+03  1.1107E+07  9.8508E+06
  201000  4.9987E+03  1.0969E+07  9.7293E+06
  202000  4.9371E+03  1.0834E+07  9.6089E+06
  203000  4.8762E+03  1.0701E+07  9.4910E+06
  204000  4.8161E+03  1.0569E+07  9.3741E+06
  205000  4.7567E+03  1.0438E+07  9.2581E+06
  206000  4.6980E+03  1.0309E+07  9.1433E+06
  207000  4.6401E+03  1.0182E+07  9.0309E+06
  208000  4.5829E+03  1.0056E+07  8.9194E+06
  209000  4.5264E+03  9.9324E+06  8.8097E+06
  210000  4.4705E+03  9.8095E+06  8.7009E+06
  211000  4.4154E+03  9.6886E+06  8.5935E+06
  212000  4.3608E+03  9.5692E+06  8.4906E+06
  213000  4.3071E+03  9.4510E+06  8.3828E+06
  214000  4.2539E+03  9.3328E+06  8.2779E+06
  215000  4.2015E+03  9.2178E+06  8.1762E+06
  216000  4.1497E+03  9.1035E+06  8.0743E+06
  217000  4.0985E+03  8.9916E+06  7.9753E+06
  218000  4.0480E+03  8.8802E+06  7.8768E+06
  219000  3.9980E+03  8.7706E+06  7.7796E+06
  220000  3.9487E+03  8.6621E+06  7.6833E+06
  221000  3.9000E+03  8.5558E+06  7.5887E+06
  222000  3.8519E+03  8.4500E+06  7.4946E+06
  223000  3.8044E+03  8.3461E+06  7.4028E+06
  224000  3.7575E+03  8.2429E+06  7.3111E+06
  225000  3.7112E+03  8.1414E+06  7.2212E+06
  226000  3.6654E+03  8.0410E+06  7.1319E+06
  227000  3.6202E+03  7.9416E+06  7.0439E+06
  228000  3.5756E+03  7.8437E+06  6.9569E+06
  229000  3.5315E+03  7.7474E+06  6.8716E+06
  230000  3.4880E+03  7.6515E+06  6.7867E+06
  231000  3.4450E+03  7.5572E+06  6.7031E+06
  232000  3.4025E+03  7.4640E+06  6.6204E+06
  233000  3.3606E+03  7.3719E+06  6.5388E+06
  234000  3.3191E+03  7.2814E+06  6.4584E+06
  235000  3.2782E+03  7.1912E+06  6.3783E+06
  236000  3.2378E+03  7.1026E+06  6.2997E+06
  237000  3.1979E+03  7.0153E+06  6.2224E+06
  238000  3.1584E+03  6.9291E+06  6.1460E+06
  239000  3.1195E+03  6.8435E+06  6.0699E+06
  240000  3.0810E+03  6.7590E+06  5.9952E+06
  241000  3.0430E+03  6.6759E+06  5.9216E+06
  242000  3.0055E+03  6.5934E+06  5.8483E+06
  243000  2.9684E+03  6.5126E+06  5.7766E+06
  244000  2.9318E+03  6.4320E+06  5.7052E+06
  245000  2.8957E+03  6.3525E+06  5.6345E+06
  246000  2.8600E+03  6.2742E+06  5.5651E+06
  247000  2.8247E+03  6.1970E+06  5.4966E+06
  248000  2.7899E+03  6.1202E+06  5.4284E+06
  249000  2.7555E+03  6.0447E+06  5.3613E+06
  250000  2.7215E+03  5.9701E+06  5.2951E+06
  251000  2.6880E+03  5.8964E+06  5.2296E+06
  252000  2.6549E+03  5.8234E+06  5.1649E+06
  253000  2.6221E+03  5.7516E+06  5.1013E+06
  254000  2.5898E+03  5.6807E+06  5.0384E+06
  255000  2.5579E+03  5.6106E+06  4.9762E+06
  256000  2.5263E+03  5.5416E+06  4.9150E+06
  257000  2.4952E+03  5.4730E+06  4.8541E+06
  258000  2.4645E+03  5.4055E+06  4.7943E+06
  259000  2.4341E+03  5.3389E+06  4.7353E+06
  260000  2.4041E+03  5.2730E+06  4.6767E+06
  261000  2.3744E+03  5.2080E+06  4.6192E+06
  262000  2.3452E+03  5.1440E+06  4.5624E+06
  263000  2.3163E+03  5.0803E+06  4.5059E+06
  264000  2.2877E+03  5.0178E+06  4.4504E+06
  265000  2.2595E+03  4.9558E+06  4.3955E+06
  266000  2.2317E+03  4.8948E+06  4.3414E+06
  267000  2.2042E+03  4.8344E+06  4.2878E+06
  268000  2.1770E+03  4.7748E+06  4.2349E+06
  269000  2.1502E+03  4.7159E+06  4.1827E+06
  270000  2.1237E+03  4.6574E+06  4.1308E+06
  271000  2.0975E+03  4.6003E+06  4.0802E+06
  272000  2.0717E+03  4.5435E+06  4.0298E+06
  273000  2.0461E+03  4.4876E+06  3.9802E+06
  274000  2.0209E+03  4.4323E+06  3.9312E+06
  275000  1.9960E+03  4.3776E+06  3.8828E+06
  276000  1.9714E+03  4.3237E+06  3.8349E+06
  277000  1.9471E+03  4.2704E+06  3.7876E+06
  278000  1.9231E+03  4.2179E+06  3.7410E+06
  279000  1.8994E+03  4.1660E+06  3.6949E+06
  280000  1.8760E+03  4.1146E+06  3.6494E+06
  281000  1.8529E+03  4.0639E+06  3.6045E+06
  282000  1.8301E+03  4.0138E+06  3.5601E+06
  283000  1.8075E+03  3.9642E+06  3.5162E+06
  284000  1.7852E+03  3.9156E+06  3.4728E+06
  285000  1.7632E+03  3.8673E+06  3.4300E+06
  286000  1.7415E+03  3.8196E+06  3.3877E+06
  287000  1.7200E+03  3.7725E+06  3.3460E+06
  288000  1.6988E+03  3.7260E+06  3.3047E+06
  289000  1.6779E+03  3.6801E+06  3.2640E+06
  290000  1.6572E+03  3.6347E+06  3.2238E+06
  291000  1.6368E+03  3.5899E+06  3.1841E+06
  292000  1.6166E+03  3.5457E+06  3.1448E+06
  293000  1.5967E+03  3.5020E+06  3.1061E+06
  294000  1.5770E+03  3.4588E+06  3.0678E+06
  295000  1.5576E+03  3.4162E+06  3.0300E+06
  296000  1.5384E+03  3.3741E+06  2.9927E+06
  297000  1.5194E+03  3.3325E+06  2.9558E+06
  298000  1.5007E+03  3.2915E+06  2.9194E+06
  299000  1.4822E+03  3.2509E+06  2.8834E+06
  300000  1.4640E+03  3.2109E+06  2.8479E+06
  301000  1.4459E+03  3.1713E+06  2.8128E+06
  302000  1.4281E+03  3.1322E+06  2.7782E+06
  303000  1.4105E+03  3.0936E+06  2.7439E+06
  304000  1.3931E+03  3.0555E+06  2.7101E+06
  305000  1.3760E+03  3.0178E+06  2.6767E+06
  306000  1.3590E+03  2.9806E+06  2.6437E+06
  307000  1.3423E+03  2.9438E+06  2.6111E+06
  308000  1.3257E+03  2.9076E+06  2.5790E+06
  309000  1.3094E+03  2.8718E+06  2.5472E+06
  310000  1.2932E+03  2.8364E+06  2.5158E+06
  311000  1.2773E+03  2.8015E+06  2.4848E+06
  312000  1.2616E+03  2.7669E+06  2.4542E+06
  313000  1.2460E+03  2.7329E+06  2.4240E+06
  314000  1.2307E+03  2.6992E+06  2.3941E+06
  315000  1.2155E+03  2.6659E+06  2.3646E+06
  316000  1.2005E+03  2.6331E+06  2.3355E+06
  317000  1.1857E+03  2.6007E+06  2.3067E+06
  318000  1.1711E+03  2.5686E+06  2.2783E+06
  319000  1.1567E+03  2.5369E+06  2.2502E+06
  320000  1.1424E+03  2.5056E+06  2.2225E+06
  321000  1.1284E+03  2.4748E+06  2.1951E+06
  322000  1.1145E+03  2.4443E+06  2.1680E+06
  323000  1.1007E+03  2.4142E+06  2.1413E+06
  324000  1.0872E+03  2.3844E+06  2.1150E+06
  325000  1.0738E+03  2.3550E+06  2.0889E+06
  326000  1.0605E+03  2.3261E+06  2.0632E+06
  327000  1.0475E+03  2.2976E+06  2.0378E+06
  328000  1.0346E+03  2.2691E+06  2.0127E+06
  329000  1.0218E+03  2.2412E+06  1.9879E+06
  330000  1.0092E+03  2.2136E+06  1.9634E+06
  331000  9.9679E+02  2.1863E+06  1.9393E+06
  332000  9.8450E+02  2.1594E+06  1.9154E+06
  333000  9.7236E+02  2.1328E+06  1.8917E+06
  334000  9.6038E+02  2.1065E+06  1.8684E+06
  335000  9.4853E+02  2.0806E+06  1.8454E+06
  336000  9.3684E+02  2.0549E+06  1.8226E+06
  337000  9.2529E+02  2.0295E+06  1.8001E+06
  338000  9.1388E+02  2.0045E+06  1.7779E+06
  339000  9.0262E+02  1.9798E+06  1.7560E+06
  340000  8.9149E+02  1.9554E+06  1.7343E+06
  341000  8.8051E+02  1.9313E+06  1.7130E+06
  342000  8.6965E+02  1.9075E+06  1.6919E+06
  343000  8.5894E+02  1.8840E+06  1.6710E+06
  344000  8.4835E+02  1.8606E+06  1.6504E+06
  345000  8.3789E+02  1.8378E+06  1.6301E+06
  346000  8.2757E+02  1.8152E+06  1.6100E+06
  347000  8.1737E+02  1.7928E+06  1.5901E+06
  348000  8.0729E+02  1.7707E+06  1.5705E+06
  349000  7.9734E+02  1.7488E+06  1.5512E+06
  350000  7.8751E+02  1.7273E+06  1.5321E+06
  351000  7.7780E+02  1.7060E+06  1.5132E+06
  352000  7.6822E+02  1.6850E+06  1.4945E+06
  353000  7.5875E+02  1.6642E+06  1.4761E+06
  354000  7.4939E+02  1.6437E+06  1.4579E+06
  355000  7.4016E+02  1.6234E+06  1.4399E+06
  356000  7.3104E+02  1.6034E+06  1.4222E+06
  357000  7.2202E+02  1.5837E+06  1.4047E+06
  358000  7.1313E+02  1.5641E+06  1.3873E+06
  359000  7.0434E+02  1.5449E+06  1.3702E+06
  360000  6.9566E+02  1.5258E+06  1.3534E+06
  361000  6.8708E+02  1.5070E+06  1.3367E+06
  362000  6.7861E+02  1.4884E+06  1.3202E+06
  363000  6.7025E+02  1.4701E+06  1.3039E+06
  364000  6.6578E+02  1.5262E+06  1.3699E+06
  365000  6.5745E+02  1.5850E+06  1.4164E+06
  366000  6.4930E+02  1.5471E+06  1.3827E+06
  367000  6.4127E+02  1.5030E+06  1.3418E+06
  368000  6.3335E+02  1.4644E+06  1.3056E+06
  369000  6.2553E+02  1.4314E+06  1.2749E+06
  370000  6.1781E+02  1.4027E+06  1.2484E+06
  371000  6.1019E+02  1.3773E+06  1.2250E+06
  372000  6.0267E+02  1.3541E+06  1.2038E+06
  373000  5.9524E+02  1.3326E+06  1.1843E+06
  374000  5.8790E+02  1.3124E+06  1.1660E+06
  375000  5.8066E+02  1.2932E+06  1.1487E+06
  376000  5.7350E+02  1.2748E+06  1.1321E+06
  377000  5.6643E+02  1.2570E+06  1.1162E+06
  378000  5.5945E+02  1.2398E+06  1.1007E+06
  379000  5.5256E+02  1.2231E+06  1.0858E+06
  380000  5.4575E+02  1.2068E+06  1.0712E+06
  381000  5.3902E+02  1.1909E+06  1.0570E+06
  382000  5.3238E+02  1.1753E+06  1.0431E+06
  383000  5.2582E+02  1.1600E+06  1.0295E+06
  384000  5.1934E+02  1.1450E+06  1.0161E+06
  385000  5.1294E+02  1.1304E+06  1.0030E+06
  386000  5.0661E+02  1.1159E+06  9.9017E+05
  387000  5.0037E+02  1.1017E+06  9.7751E+05
  388000  4.9420E+02  1.0877E+06  9.6507E+05
  389000  4.8811E+02  1.0739E+06  9.5282E+05
  390000  4.8210E+02  1.0604E+06  9.4076E+05
  391000  4.7616E+02  1.0470E+06  9.2889E+05
  392000  4.7029E+02  1.0338E+06  9.1719E+05
  393000  4.6450E+02  1.0209E+06  9.0566E+05
  394000  4.5877E+02  1.0081E+06  8.9430E+05
  395000  4.5312E+02  9.9548E+05  8.8310E+05
  396000  4.4754E+02  9.8305E+05  8.7206E+05
  397000  4.4202E+02  9.7079E+05  8.6117E+05
  398000  4.3658E+02  9.5870E+05  8.5043E+05
  399000  4.3120E+02  9.4676E+05  8.3984E+05
  400000  4.2589E+02  9.3499E+05  8.2939E+05
  401000  4.2064E+02  9.2338E+05  8.1908E+05
  402000  4.1546E+02  9.1192E+05  8.0891E+05
  403000  4.1034E+02  9.0060E+05  7.9887E+05
  404000  4.0529E+02  8.8944E+05  7.8896E+05
  405000  4.0029E+02  8.7843E+05  7.7918E+05
  406000  3.9536E+02  8.6755E+05  7.6953E+05
  407000  3.9049E+02  8.5681E+05  7.6000E+05
  408000  3.8568E+02  8.4621E+05  7.5060E+05
  409000  3.8093E+02  8.3575E+05  7.4131E+05
  410000  3.7624E+02  8.2541E+05  7.3214E+05
  411000  3.7160E+02  8.1521E+05  7.2309E+05
  412000  3.6702E+02  8.0513E+05  7.1416E+05
  413000  3.6250E+02  7.9519E+05  7.0534E+05
  414000  3.5804E+02  7.8536E+05  6.9662E+05
  415000  3.5363E+02  7.7566E+05  6.8802E+05
  416000  3.4927E+02  7.6607E+05  6.7952E+05
  417000  3.4497E+02  7.5660E+05  6.7113E+05
  418000  3.4072E+02  7.4723E+05  6.6284E+05
  419000  3.3653E+02  7.3803E+05  6.5466E+05
  420000  3.3238E+02  7.2893E+05  6.4658E+05
  421000  3.2829E+02  7.1995E+05  6.3861E+05
  422000  3.2425E+02  7.1109E+05  6.3074E+05
  423000  3.2025E+02  7.0235E+05  6.2298E+05
  424000  3.1631E+02  6.9370E+05  6.1530E+05
  425000  3.1241E+02  6.8516E+05  6.0772E+05
  426000  3.0856E+02  6.7671E+05  6.0023E+05
  427000  3.0476E+02  6.6835E+05  5.9283E+05
  428000  3.0101E+02  6.6009E+05  5.8551E+05
  429000  2.9730E+02  6.5197E+05  5.7830E+05
  430000  2.9364E+02  6.4395E+05  5.7117E+05
  431000  2.9002E+02  6.3605E+05  5.6414E+05
  432000  2.8645E+02  6.2821E+05  5.5720E+05
  433000  2.8292E+02  6.2048E+05  5.5034E+05
  434000  2.7944E+02  6.1284E+05  5.4356E+05
  435000  2.7599E+02  6.0529E+05  5.3687E+05
  436000  2.7259E+02  5.9783E+05  5.3025E+05
  437000  2.6924E+02  5.9047E+05  5.2372E+05
  438000  2.6592E+02  5.8319E+05  5.1728E+05
  439000  2.6264E+02  5.7600E+05  5.1089E+05
  440000  2.5940E+02  5.6889E+05  5.0458E+05
  441000  2.5621E+02  5.6188E+05  4.9836E+05
  442000  2.5305E+02  5.5495E+05  4.9222E+05
  443000  2.4994E+02  5.4811E+05  4.8615E+05
  444000  2.4686E+02  5.4136E+05  4.8016E+05
  445000  2.4382E+02  5.3469E+05  4.7424E+05
  446000  2.4081E+02  5.2810E+05  4.6840E+05
  447000  2.3785E+02  5.2159E+05  4.6262E+05
  448000  2.3492E+02  5.1516E+05  4.5692E+05
  449000  2.3202E+02  5.0882E+05  4.5129E+05
  450000  2.2916E+02  5.0255E+05  4.4573E+05
  451000  2.2634E+02  4.9635E+05  4.4024E+05
  452000  2.2355E+02  4.9024E+05  4.3481E+05
  453000  2.2080E+02  4.8420E+05  4.2945E+05
  454000  2.1808E+02  4.7823E+05  4.2416E+05
  455000  2.1539E+02  4.7234E+05  4.1894E+05
  456000  2.1274E+02  4.6653E+05  4.1378E+05
  457000  2.1012E+02  4.6078E+05  4.0868E+05
  458000  2.0753E+02  4.5510E+05  4.0364E+05
  459000  2.0497E+02  4.4949E+05  3.9867E+05
  460000  2.0245E+02  4.4395E+05  3.9376E+05
  461000  1.9995E+02  4.3846E+05  3.8890E+05
  462000  1.9749E+02  4.3308E+05  3.8411E+05
  463000  1.9506E+02  4.2775E+05  3.7938E+05
  464000  1.9265E+02  4.2248E+05  3.7471E+05
  465000  1.9028E+02  4.1728E+05  3.7009E+05
  466000  1.8794E+02  4.1214E+05  3.6553E+05
  467000  1.8562E+02  4.0707E+05  3.6103E+05
  468000  1.8333E+02  4.0205E+05  3.5659E+05
  469000  1.8107E+02  3.9710E+05  3.5219E+05
  470000  1.7884E+02  3.9221E+05  3.4785E+05
  471000  1.7664E+02  3.8738E+05  3.4357E+05
  472000  1.7446E+02  3.8260E+05  3.3933E+05
  473000  1.7231E+02  3.7788E+05  3.3515E+05
  474000  1.7019E+02  3.7323E+05  3.3102E+05
  475000  1.6809E+02  3.6862E+05  3.2694E+05
  476000  1.6602E+02  3.6408E+05  3.2291E+05
  477000  1.6398E+02  3.5959E+05  3.1893E+05
  478000  1.6196E+02  3.5516E+05  3.1499E+05
  479000  1.5996E+02  3.5078E+05  3.1111E+05
  480000  1.5799E+02  3.4646E+05  3.0728E+05
  481000  1.5604E+02  3.4219E+05  3.0349E+05
  482000  1.5412E+02  3.3797E+05  2.9975E+05
  483000  1.5222E+02  3.3380E+05  2.9606E+05
  484000  1.5035E+02  3.2969E+05  2.9241E+05
  485000  1.4849E+02  3.2562E+05  2.8881E+05
  486000  1.4667E+02  3.2161E+05  2.8525E+05
  487000  1.4486E+02  3.1765E+05  2.8173E+05
  488000  1.4307E+02  3.1373E+05  2.7826E+05
  489000  1.4131E+02  3.0984E+05  2.7483E+05
  490000  1.3957E+02  3.0605E+05  2.7145E+05
  491000  1.3785E+02  3.0228E+05  2.6810E+05
  492000  1.3615E+02  2.9855E+05  2.6480E+05
  493000  1.3448E+02  2.9487E+05  2.6154E+05
  494000  1.3282E+02  2.9124E+05  2.5831E+05
  495000  1.3118E+02  2.8765E+05  2.5513E+05
  496000  1.2957E+02  2.8411E+05  2.5199E+05
  497000  1.2797E+02  2.8061E+05  2.4888E+05
  498000  1.2640E+02  2.7715E+05  2.4582E+05
  499000  1.2484E+02  2.7374E+05  2.4279E+05
  500000  1.2330E+02  2.7037E+05  2.3980E+05
  501000  1.2178E+02  2.6704E+05  2.3684E+05
  502000  1.2028E+02  2.6375E+05  2.3393E+05
  503000  1.1880E+02  2.6050E+05  2.3105E+05
  504000  1.1734E+02  2.5729E+05  2.2820E+05
  505000  1.1589E+02  2.5412E+05  2.2539E+05
  506000  1.1447E+02  2.5099E+05  2.2261E+05
  507000  1.1306E+02  2.4790E+05  2.1987E+05
  508000  1.1166E+02  2.4485E+05  2.1716E+05
  509000  1.1029E+02  2.4183E+05  2.1449E+05
  510000  1.0893E+02  2.3885E+05  2.1184E+05
  511000  1.0759E+02  2.3591E+05  2.0924E+05
  512000  1.0626E+02  2.3301E+05  2.0666E+05
  513000  1.0495E+02  2.3013E+05  2.0411E+05
  514000  1.0366E+02  2.2730E+05  2.0160E+05
  515000  1.0238E+02  2.2450E+05  1.9911E+05
  516000  1.0112E+02  2.2173E+05  1.9666E+05
  517000  9.9875E+01  2.1900E+05  1.9424E+05
  518000  9.8645E+01  2.1631E+05  1.9185E+05
  519000  9.7430E+01  2.1364E+05  1.8948E+05
  520000  9.6230E+01  2.1101E+05  1.8715E+05
  521000  9.5044E+01  2.0841E+05  1.8484E+05
  522000  9.3873E+01  2.0584E+05  1.8256E+05
  523000  9.2717E+01  2.0330E+05  1.8031E+05
  524000  9.1574E+01  2.0080E+05  1.7809E+05
  525000  9.0446E+01  1.9832E+05  1.7589E+05
  526000  8.9332E+01  1.9588E+05  1.7373E+05
  527000  8.8231E+01  1.9346E+05  1.7159E+05
  528000  8.7145E+01  1.9108E+05  1.6947E+05
  529000  8.6071E+01  1.8873E+05  1.6738E+05
  530000  8.5011E+01  1.8640E+05  1.6532E+05
  531000  8.3963E+01  1.8410E+05  1.6328E+05
  532000  8.2929E+01  1.8183E+05  1.6127E+05
  533000  8.1907E+01  1.7959E+05  1.5928E+05
  534000  8.0898E+01  1.7738E+05  1.5732E+05
  535000  7.9902E+01  1.7519E+05  1.5538E+05
  536000  7.8917E+01  1.7303E+05  1.5347E+05
  537000  7.7945E+01  1.7090E+05  1.5158E+05
  538000  7.6985E+01  1.6880E+05  1.4971E+05
  539000  7.6037E+01  1.6672E+05  1.4786E+05
  540000  7.5100E+01  1.6466E+05  1.4604E+05
  541000  7.4175E+01  1.6263E+05  1.4424E+05
  542000  7.3261E+01  1.6063E+05  1.4246E+05
  543000  7.2359E+01  1.5865E+05  1.4071E+05
  544000  7.1467E+01  1.5669E+05  1.3897E+05
  545000  7.0587E+01  1.5476E+05  1.3726E+05
  546000  6.9718E+01  1.5286E+05  1.3557E+05
  547000  6.8859E+01  1.5097E+05  1.3390E+05
  548000  6.8011E+01  1.4911E+05  1.3225E+05
  549000  6.7173E+01  1.4728E+05  1.3062E+05
  550000  6.6346E+01  1.4546E+05  1.2901E+05
  551000  6.5529E+01  1.4367E+05  1.2742E+05
  552000  6.4721E+01  1.4190E+05  1.2585E+05
  553000  6.3924E+01  1.4015E+05  1.2430E+05
  554000  6.3137E+01  1.3842E+05  1.2277E+05
  555000  6.2359E+01  1.3672E+05  1.2126E+05
  556000  6.1591E+01  1.3503E+05  1.1976E+05
  557000  6.0832E+01  1.3337E+05  1.1829E+05
  558000  6.0083E+01  1.3173E+05  1.1683E+05
  559000  5.9343E+01  1.3010E+05  1.1539E+05
  560000  5.8612E+01  1.2850E+05  1.1397E+05
  561000  5.7890E+01  1.2692E+05  1.1257E+05
  562000  5.7177E+01  1.2536E+05  1.1118E+05
  563000  5.6473E+01  1.2381E+05  1.0981E+05
  564000  5.5778E+01  1.2229E+05  1.0846E+05
  565000  5.5091E+01  1.2078E+05  1.0712E+05
  566000  5.4412E+01  1.1929E+05  1.0580E+05
  567000  5.3742E+01  1.1782E+05  1.0450E+05
  568000  5.3080E+01  1.1637E+05  1.0321E+05
  569000  5.2426E+01  1.1494E+05  1.0194E+05
  570000  5.1780E+01  1.1352E+05  1.0068E+05
  571000  5.1142E+01  1.1212E+05  9.9444E+04
  572000  5.0512E+01  1.1074E+05  9.8219E+04
  573000  4.9890E+01  1.0938E+05  9.7010E+04
  574000  4.9276E+01  1.0806E+05  9.5847E+04
  575000  4.8669E+01  1.0670E+05  9.4634E+04
  576000  4.8069E+01  1.0538E+05  9.3468E+04
  577000  4.7477E+01  1.0409E+05  9.2317E+04
  578000  4.6892E+01  1.0280E+05  9.1180E+04
  579000  4.6314E+01  1.0154E+05  9.0056E+04
  580000  4.5744E+01  1.0029E+05  8.8947E+04
  581000  4.5180E+01  9.9052E+04  8.7851E+04
  582000  4.4624E+01  9.7831E+04  8.6769E+04
  583000  4.4074E+01  9.6626E+04  8.5700E+04
  584000  4.3531E+01  9.5436E+04  8.4645E+04
  585000  4.2995E+01  9.4261E+04  8.3602E+04
  586000  4.2465E+01  9.3099E+04  8.2572E+04
  587000  4.1942E+01  9.1952E+04  8.1555E+04
  588000  4.1425E+01  9.0819E+04  8.0550E+04
  589000  4.0915E+01  8.9700E+04  7.9558E+04
  590000  4.0411E+01  8.8595E+04  7.8577E+04
  591000  3.9913E+01  8.7504E+04  7.7609E+04
  592000  3.9421E+01  8.6426E+04  7.6653E+04
  593000  3.8936E+01  8.5361E+04  7.5709E+04
  594000  3.8456E+01  8.4309E+04  7.4776E+04
  595000  3.7982E+01  8.3270E+04  7.3855E+04
  596000  3.7514E+01  8.2244E+04  7.2945E+04
  597000  3.7052E+01  8.1231E+04  7.2046E+04
  598000  3.6596E+01  8.0229E+04  7.1158E+04
  599000  3.6145E+01  7.9241E+04  7.0281E+04
  600000  3.5700E+01  7.8264E+04  6.9415E+04
  601000  3.5260E+01  7.7300E+04  6.8560E+04
  602000  3.4826E+01  7.6347E+04  6.7715E+04
  603000  3.4396E+01  7.5406E+04  6.6881E+04
  604000  3.3973E+01  7.4477E+04  6.6057E+04
  605000  3.3554E+01  7.3559E+04  6.5243E+04
  606000  3.3141E+01  7.2653E+04  6.4439E+04
  607000  3.2733E+01  7.1757E+04  6.3645E+04
  608000  3.2329E+01  7.0873E+04  6.2860E+04
  609000  3.1931E+01  7.0000E+04  6.2086E+04
  610000  3.1538E+01  6.9137E+04  6.1321E+04
  611000  3.1149E+01  6.8286E+04  6.0565E+04
  612000  3.0765E+01  6.7444E+04  5.9819E+04
  613000  3.0386E+01  6.6613E+04  5.9082E+04
  614000  3.0012E+01  6.5793E+04  5.8354E+04
  615000  2.9642E+01  6.4982E+04  5.7635E+04
  616000  2.9277E+01  6.4181E+04  5.6925E+04
  617000  2.8916E+01  6.3391E+04  5.6224E+04
  618000  2.8560E+01  6.2610E+04  5.5531E+04
  619000  2.8208E+01  6.1838E+04  5.4847E+04
  620000  2.7861E+01  6.1076E+04  5.4171E+04
  621000  2.7517E+01  6.0324E+04  5.3504E+04
  622000  2.7178E+01  5.9581E+04  5.2844E+04
  623000  2.6843E+01  5.8846E+04  5.2193E+04
  624000  2.6513E+01  5.8121E+04  5.1550E+04
  625000  2.6186E+01  5.7405E+04  5.0915E+04
  626000  2.5863E+01  5.6698E+04  5.0287E+04
  627000  2.5545E+01  5.5999E+04  4.9668E+04
  628000  2.5230E+01  5.5309E+04  4.9056E+04
  629000  2.4919E+01  5.4628E+04  4.8451E+04
  630000  2.4612E+01  5.3954E+04  4.7854E+04
  631000  2.4309E+01  5.3289E+04  4.7264E+04
  632000  2.4009E+01  5.2633E+04  4.6682E+04
  633000  2.3714E+01  5.1984E+04  4.6106E+04
  634000  2.3422E+01  5.1344E+04  4.5538E+04
  635000  2.3133E+01  5.0711E+04  4.4977E+04
  636000  2.2848E+01  5.0086E+04  4.4423E+04
  637000  2.2567E+01  4.9469E+04  4.3875E+04
  638000  2.2289E+01  4.8861E+04  4.3336E+04
  639000  2.2014E+01  4.8258E+04  4.2801E+04
  640000  2.1743E+01  4.7663E+04  4.2273E+04
  641000  2.1475E+01  4.7076E+04  4.1753E+04
  642000  2.1210E+01  4.6496E+04  4.1238E+04
  643000  2.0949E+01  4.5923E+04  4.0730E+04
  644000  2.0691E+01  4.5358E+04  4.0228E+04
  645000  2.0436E+01  4.4799E+04  3.9733E+04
  646000  2.0184E+01  4.4247E+04  3.9243E+04
  647000  1.9935E+01  4.3702E+04  3.8760E+04
  648000  1.9690E+01  4.3164E+04  3.8283E+04
  649000  1.9447E+01  4.2632E+04  3.7811E+04
  650000  1.9208E+01  4.2107E+04  3.7345E+04
  651000  1.8971E+01  4.1588E+04  3.6885E+04
  652000  1.8737E+01  4.1076E+04  3.6431E+04
  653000  1.8506E+01  4.0570E+04  3.5982E+04
  654000  1.8278E+01  4.0070E+04  3.5539E+04
  655000  1.8053E+01  3.9576E+04  3.5101E+04
  656000  1.7831E+01  3.9089E+04  3.4668E+04
  657000  1.7611E+01  3.8607E+04  3.4241E+04
  658000  1.7394E+01  3.8131E+04  3.3819E+04
  659000  1.7180E+01  3.7662E+04  3.3402E+04
  660000  1.6968E+01  3.7197E+04  3.2991E+04
  661000  1.6759E+01  3.6739E+04  3.2584E+04
  662000  1.6553E+01  3.6287E+04  3.2183E+04
  663000  1.6349E+01  3.5842E+04  3.1787E+04
  664000  1.6147E+01  3.5398E+04  3.1394E+04
  665000  1.5948E+01  3.4960E+04  3.1006E+04
  666000  1.5752E+01  3.4528E+04  3.0623E+04
  667000  1.5558E+01  3.4102E+04  3.0245E+04
  668000  1.5366E+01  3.3681E+04  2.9872E+04
  669000  1.5177E+01  3.3266E+04  2.9504E+04
  670000  1.4990E+01  3.2856E+04  2.9140E+04
  671000  1.4805E+01  3.2451E+04  2.8781E+04
  672000  1.4623E+01  3.2051E+04  2.8426E+04
  673000  1.4443E+01  3.1657E+04  2.8076E+04
  674000  1.4265E+01  3.1267E+04  2.7730E+04
  675000  1.4089E+01  3.0881E+04  2.7389E+04
  676000  1.3915E+01  3.0501E+04  2.7051E+04
  677000  1.3744E+01  3.0125E+04  2.6718E+04
  678000  1.3575E+01  2.9754E+04  2.6388E+04
  679000  1.3407E+01  2.9387E+04  2.6063E+04
  680000  1.3242E+01  2.9025E+04  2.5742E+04
  681000  1.3079E+01  2.8667E+04  2.5425E+04
  682000  1.2918E+01  2.8314E+04  2.5112E+04
  683000  1.2759E+01  2.7965E+04  2.4802E+04
  684000  1.2601E+01  2.7620E+04  2.4496E+04
  685000  1.2446E+01  2.7280E+04  2.4195E+04
  686000  1.2293E+01  2.6943E+04  2.3896E+04
  687000  1.2141E+01  2.6611E+04  2.3602E+04
  688000  1.1992E+01  2.6284E+04  2.3311E+04
  689000  1.1844E+01  2.5960E+04  2.3023E+04
  690000  1.1698E+01  2.5640E+04  2.2740E+04
  691000  1.1554E+01  2.5324E+04  2.2459E+04
  692000  1.1411E+01  2.5011E+04  2.2182E+04
  693000  1.1271E+01  2.4703E+04  2.1909E+04
  694000  1.1132E+01  2.4399E+04  2.1639E+04
  695000  1.0995E+01  2.4098E+04  2.1372E+04
  696000  1.0859E+01  2.3801E+04  2.1109E+04
  697000  1.0726E+01  2.3508E+04  2.0849E+04
  698000  1.0593E+01  2.3218E+04  2.0592E+04
  699000  1.0463E+01  2.2932E+04  2.0338E+04
  700000  1.0334E+01  2.2649E+04  2.0087E+04
  701000  1.0207E+01  2.2370E+04  1.9840E+04
  702000  1.0081E+01  2.2094E+04  1.9595E+04
  703000  9.9568E+00  2.1822E+04  1.9354E+04
  704000  9.8341E+00  2.1553E+04  1.9116E+04
  705000  9.7130E+00  2.1288E+04  1.8880E+04
  706000  9.5933E+00  2.1025E+04  1.8647E+04
  707000  9.4751E+00  2.0766E+04  1.8418E+04
  708000  9.3583E+00  2.0510E+04  1.8190E+04
  709000  9.2430E+00  2.0257E+04  1.7966E+04
  710000  9.1291E+00  2.0008E+04  1.7745E+04
  711000  9.0167E+00  1.9761E+04  1.7526E+04
  712000  8.9056E+00  1.9517E+04  1.7310E+04
  713000  8.7958E+00  1.9277E+04  1.7097E+04
  714000  8.6874E+00  1.9039E+04  1.6886E+04
  715000  8.5805E+00  1.8804E+04  1.6678E+04
  716000  8.4747E+00  1.8573E+04  1.6472E+04
  717000  8.3703E+00  1.8344E+04  1.6269E+04
  718000  8.2672E+00  1.8118E+04  1.6069E+04
  719000  8.1654E+00  1.7894E+04  1.5871E+04
  720000  8.0648E+00  1.7674E+04  1.5675E+04
  721000  7.9654E+00  1.7456E+04  1.5482E+04
  722000  7.8673E+00  1.7241E+04  1.5291E+04
  723000  7.7704E+00  1.7028E+04  1.5102E+04
  724000  7.6746E+00  1.6819E+04  1.4916E+04
  725000  7.5801E+00  1.6611E+04  1.4733E+04
  726000  7.4867E+00  1.6407E+04  1.4551E+04
  727000  7.3944E+00  1.6204E+04  1.4372E+04
  728000  7.3033E+00  1.6004E+04  1.4194E+04
  729000  7.2133E+00  1.5807E+04  1.4020E+04
  730000  7.1244E+00  1.5613E+04  1.3847E+04
  731000  7.0366E+00  1.5420E+04  1.3676E+04
  732000  6.9499E+00  1.5230E+04  1.3508E+04
  733000  6.8643E+00  1.5043E+04  1.3341E+04
  734000  6.7797E+00  1.4857E+04  1.3177E+04
  735000  6.6962E+00  1.4674E+04  1.3014E+04
  736000  6.6137E+00  1.4493E+04  1.2854E+04
  737000  6.5322E+00  1.4315E+04  1.2696E+04
  738000  6.4517E+00  1.4139E+04  1.2539E+04
  739000  6.3722E+00  1.3964E+04  1.2385E+04
  740000  6.2937E+00  1.3792E+04  1.2232E+04
  741000  6.2161E+00  1.3622E+04  1.2081E+04
  742000  6.1395E+00  1.3455E+04  1.1933E+04
  743000  6.0639E+00  1.3289E+04  1.1786E+04
  744000  5.9891E+00  1.3125E+04  1.1640E+04
  745000  5.9153E+00  1.2963E+04  1.1497E+04
  746000  5.8424E+00  1.2804E+04  1.1355E+04
  747000  5.7704E+00  1.2646E+04  1.1215E+04
  748000  5.6993E+00  1.2490E+04  1.1077E+04
  749000  5.6291E+00  1.2336E+04  1.0941E+04
  750000  5.5597E+00  1.2184E+04  1.0806E+04
  751000  5.4912E+00  1.2034E+04  1.0673E+04
  752000  5.4236E+00  1.1886E+04  1.0541E+04
  753000  5.3567E+00  1.1739E+04  1.0411E+04
  754000  5.2907E+00  1.1595E+04  1.0283E+04
  755000  5.2255E+00  1.1452E+04  1.0157E+04
  756000  5.1611E+00  1.1311E+04  1.0031E+04
  757000  5.0976E+00  1.1171E+04  9.9078E+03
  758000  5.0348E+00  1.1034E+04  9.7857E+03
  759000  4.9727E+00  1.0898E+04  9.6651E+03
  760000  4.9115E+00  1.0763E+04  9.5461E+03
  761000  4.8510E+00  1.0631E+04  9.4284E+03
  762000  4.7912E+00  1.0500E+04  9.3123E+03
  763000  4.7322E+00  1.0951E+04  9.8481E+03
  764000  4.6739E+00  1.0739E+04  9.6412E+03
  765000  4.6164E+00  1.0444E+04  9.3400E+03
  766000  4.5595E+00  1.0219E+04  9.1181E+03
  767000  4.5033E+00  9.9091E+03  8.7980E+03
  768000  4.4479E+00  9.7472E+03  8.6449E+03
  769000  4.3931E+00  9.6271E+03  8.5384E+03
  770000  4.3389E+00  9.5085E+03  8.4331E+03
  771000  4.2855E+00  9.3914E+03  8.3293E+03
  772000  4.2327E+00  9.2757E+03  8.2267E+03
  773000  4.1806E+00  9.1615E+03  8.1254E+03
  774000  4.1291E+00  9.0486E+03  8.0252E+03
  775000  4.0782E+00  8.9372E+03  7.9264E+03
  776000  4.0279E+00  8.8271E+03  7.8288E+03
  777000  3.9783E+00  8.7184E+03  7.7324E+03
  778000  3.9293E+00  8.6110E+03  7.6371E+03
  779000  3.8809E+00  8.5050E+03  7.5431E+03
  780000  3.8331E+00  8.4002E+03  7.4502E+03
  781000  3.7859E+00  8.2968E+03  7.3584E+03
  782000  3.7392E+00  8.1946E+03  7.2677E+03
  783000  3.6931E+00  8.0937E+03  7.1783E+03
  784000  3.6476E+00  7.9940E+03  7.0898E+03
  785000  3.6027E+00  7.8955E+03  7.0025E+03
  786000  3.5583E+00  7.7982E+03  6.9162E+03
  787000  3.5145E+00  7.7021E+03  6.8310E+03
  788000  3.4712E+00  7.6072E+03  6.7469E+03
  789000  3.4284E+00  7.5135E+03  6.6637E+03
  790000  3.3862E+00  7.4210E+03  6.5817E+03
  791000  3.3444E+00  7.3296E+03  6.5006E+03
  792000  3.3032E+00  7.2393E+03  6.4205E+03
  793000  3.2625E+00  7.1501E+03  6.3414E+03
  794000  3.2223E+00  7.0621E+03  6.2633E+03
  795000  3.1826E+00  6.9751E+03  6.1861E+03
  796000  3.1434E+00  6.8891E+03  6.1099E+03
  797000  3.1047E+00  6.8043E+03  6.0347E+03
  798000  3.0664E+00  6.7205E+03  5.9603E+03
  799000  3.0286E+00  6.6376E+03  5.8869E+03
  800000  2.9913E+00  6.5559E+03  5.8144E+03
  801000  2.9545E+00  6.4751E+03  5.7427E+03
  802000  2.9181E+00  6.3953E+03  5.6720E+03
  803000  2.8821E+00  6.3166E+03  5.6021E+03
  804000  2.8466E+00  6.2387E+03  5.5331E+03
  805000  2.8115E+00  6.1618E+03  5.4649E+03
  806000  2.7768E+00  6.0858E+03  5.3976E+03
  807000  2.7425E+00  6.0109E+03  5.3311E+03
  808000  2.7088E+00  5.9370E+03  5.2654E+03
  809000  2.6754E+00  5.8638E+03  5.2005E+03
  810000  2.6424E+00  5.7916E+03  5.1364E+03
  811000  2.6099E+00  5.7202E+03  5.0731E+03
  812000  2.5777E+00  5.6498E+03  5.0106E+03
  813000  2.5460E+00  5.5801E+03  4.9488E+03
  814000  2.5146E+00  5.5113E+03  4.8878E+03
  815000  2.4836E+00  5.4435E+03  4.8277E+03
  816000  2.4530E+00  5.3764E+03  4.7682E+03
  817000  2.4228E+00  5.3101E+03  4.7094E+03
  818000  2.3929E+00  5.2446E+03  4.6513E+03
  819000  2.3635E+00  5.1800E+03  4.5940E+03
  820000  2.3344E+00  5.1162E+03  4.5374E+03
  821000  2.3056E+00  5.0531E+03  4.4815E+03
  822000  2.2772E+00  4.9909E+03  4.4263E+03
  823000  2.2491E+00  4.9294E+03  4.3718E+03
  824000  2.2214E+00  4.8686E+03  4.3178E+03
  825000  2.1941E+00  4.8086E+03  4.2646E+03
  826000  2.1670E+00  4.7494E+03  4.2121E+03
  827000  2.1403E+00  4.6909E+03  4.1601E+03
  828000  2.1139E+00  4.6331E+03  4.1089E+03
  829000  2.0879E+00  4.5760E+03  4.0582E+03
  830000  2.0622E+00  4.5196E+03  4.0083E+03
  831000  2.0368E+00  4.4639E+03  3.9589E+03
  832000  2.0116E+00  4.4089E+03  3.9101E+03
  833000  1.9869E+00  4.3545E+03  3.8618E+03
  834000  1.9624E+00  4.3009E+03  3.8143E+03
  835000  1.9382E+00  4.2480E+03  3.7673E+03
  836000  1.9143E+00  4.1955E+03  3.7208E+03
  837000  1.8907E+00  4.1438E+03  3.6749E+03
  838000  1.8674E+00  4.0928E+03  3.6298E+03
  839000  1.8443E+00  4.0423E+03  3.5850E+03
  840000  1.8216E+00  3.9925E+03  3.5408E+03
  841000  1.7991E+00  3.9433E+03  3.4971E+03
  842000  1.7770E+00  3.8947E+03  3.4540E+03
  843000  1.7551E+00  3.8467E+03  3.4115E+03
  844000  1.7334E+00  3.7993E+03  3.3695E+03
  845000  1.7121E+00  3.7524E+03  3.3279E+03
  846000  1.6909E+00  3.7062E+03  3.2869E+03
  847000  1.6701E+00  3.6605E+03  3.2464E+03
  848000  1.6495E+00  3.6154E+03  3.2064E+03
  849000  1.6292E+00  3.5708E+03  3.1668E+03
  850000  1.6091E+00  3.5268E+03  3.1278E+03
  851000  1.5893E+00  3.4832E+03  3.0892E+03
  852000  1.5697E+00  3.4404E+03  3.0512E+03
  853000  1.5503E+00  3.3980E+03  3.0136E+03
  854000  1.5312E+00  3.3561E+03  2.9765E+03
  855000  1.5124E+00  3.3147E+03  2.9398E+03
  856000  1.4937E+00  3.2739E+03  2.9035E+03
  857000  1.4753E+00  3.2334E+03  2.8677E+03
  858000  1.4571E+00  3.1936E+03  2.8324E+03
  859000  1.4392E+00  3.1542E+03  2.7974E+03
  860000  1.4214E+00  3.1153E+03  2.7629E+03
  861000  1.4039E+00  3.0769E+03  2.7288E+03
  862000  1.3866E+00  3.0391E+03  2.6953E+03
  863000  1.3695E+00  3.0016E+03  2.6621E+03
  864000  1.3526E+00  2.9645E+03  2.6292E+03
  865000  1.3359E+00  2.9279E+03  2.5967E+03
  866000  1.3195E+00  2.8919E+03  2.5648E+03
  867000  1.3032E+00  2.8562E+03  2.5331E+03
  868000  1.2872E+00  2.8210E+03  2.5019E+03
  869000  1.2713E+00  2.7864E+03  2.4712E+03
  870000  1.2556E+00  2.7521E+03  2.4408E+03
  871000  1.2401E+00  2.7180E+03  2.4105E+03
  872000  1.2249E+00  2.6847E+03  2.3808E+03
  873000  1.2098E+00  2.6517E+03  2.3517E+03
  874000  1.1949E+00  2.6188E+03  2.3226E+03
  875000  1.1802E+00  2.5865E+03  2.2940E+03
  876000  1.1657E+00  2.5548E+03  2.2658E+03
  877000  1.1513E+00  2.5231E+03  2.2377E+03
  878000  1.1371E+00  2.4921E+03  2.2103E+03
  879000  1.1231E+00  2.4614E+03  2.1831E+03
  880000  1.1093E+00  2.4311E+03  2.1562E+03
  881000  1.0957E+00  2.4011E+03  2.1296E+03
  882000  1.0822E+00  2.3716E+03  2.1035E+03
  883000  1.0689E+00  2.3422E+03  2.0773E+03
  884000  1.0557E+00  2.3135E+03  2.0519E+03
  885000  1.0427E+00  2.2851E+03  2.0267E+03
  886000  1.0298E+00  2.2569E+03  2.0017E+03
  887000  1.0172E+00  2.2293E+03  1.9772E+03
  888000  1.0046E+00  2.2017E+03  1.9527E+03
  889000  9.9227E-01  2.1746E+03  1.9287E+03
  890000  9.8005E-01  2.1479E+03  1.9050E+03
  891000  9.6798E-01  2.1216E+03  1.8817E+03
  892000  9.5605E-01  2.0953E+03  1.8584E+03
  893000  9.4428E-01  2.0694E+03  1.8354E+03
  894000  9.3265E-01  2.0440E+03  1.8128E+03
  895000  9.2116E-01  2.0189E+03  1.7905E+03
  896000  9.0982E-01  1.9939E+03  1.7684E+03
  897000  8.9861E-01  1.9696E+03  1.7469E+03
  898000  8.8754E-01  1.9450E+03  1.7251E+03
  899000  8.7661E-01  1.9213E+03  1.7040E+03
  900000  8.6581E-01  1.8977E+03  1.6831E+03
  901000  8.5514E-01  1.8744E+03  1.6624E+03
  902000  8.4460E-01  1.8512E+03  1.6419E+03
  903000  8.3420E-01  1.8284E+03  1.6217E+03
  904000  8.2392E-01  1.8058E+03  1.6016E+03
  905000  8.1377E-01  1.7837E+03  1.5821E+03
  906000  8.0374E-01  1.7618E+03  1.5627E+03
  907000  7.9384E-01  1.7400E+03  1.5433E+03
  908000  7.8405E-01  1.7185E+03  1.5242E+03
  909000  7.7439E-01  1.6975E+03  1.5056E+03
  910000  7.6485E-01  1.6765E+03  1.4869E+03
  911000  7.5543E-01  1.6559E+03  1.4687E+03
  912000  7.4612E-01  1.6356E+03  1.4507E+03
  913000  7.3692E-01  1.6152E+03  1.4326E+03
  914000  7.2784E-01  1.5955E+03  1.4152E+03
  915000  7.1888E-01  1.5760E+03  1.3979E+03
  916000  7.1002E-01  1.5563E+03  1.3804E+03
  917000  7.0127E-01  1.5373E+03  1.3636E+03
  918000  6.9263E-01  1.5184E+03  1.3468E+03
  919000  6.8410E-01  1.4995E+03  1.3299E+03
  920000  6.7567E-01  1.4812E+03  1.3138E+03
  921000  6.6734E-01  1.4629E+03  1.2975E+03
  922000  6.5912E-01  1.4450E+03  1.2817E+03
  923000  6.5100E-01  1.4271E+03  1.2658E+03
  924000  6.4298E-01  1.4096E+03  1.2503E+03
  925000  6.3506E-01  1.3922E+03  1.2348E+03
  926000  6.2724E-01  1.3751E+03  1.2197E+03
  927000  6.1951E-01  1.3581E+03  1.2046E+03
  928000  6.1188E-01  1.3414E+03  1.1898E+03
  929000  6.0435E-01  1.3248E+03  1.1751E+03
  930000  5.9690E-01  1.3085E+03  1.1606E+03
  931000  5.8955E-01  1.2926E+03  1.1466E+03
  932000  5.8229E-01  1.2766E+03  1.1323E+03
  933000  5.7511E-01  1.2612E+03  1.1187E+03
  934000  5.6803E-01  1.2455E+03  1.1048E+03
  935000  5.6103E-01  1.2301E+03  1.0912E+03
  936000  5.5412E-01  1.2149E+03  1.0776E+03
  937000  5.4730E-01  1.2001E+03  1.0645E+03
  938000  5.4055E-01  1.1855E+03  1.0516E+03
  939000  5.3389E-01  1.1708E+03  1.0385E+03
  940000  5.2732E-01  1.1562E+03  1.0256E+03
  941000  5.2082E-01  1.1422E+03  1.0132E+03
  942000  5.1440E-01  1.1278E+03  1.0004E+03
  943000  5.0807E-01  1.1141E+03  9.8828E+02
  944000  5.0181E-01  1.1006E+03  9.7628E+02
  945000  4.9563E-01  1.0866E+03  9.6384E+02
  946000  4.8952E-01  1.0737E+03  9.5249E+02
  947000  4.8349E-01  1.0605E+03  9.4076E+02
  948000  4.7753E-01  1.0477E+03  9.2945E+02
  949000  4.7165E-01  1.0343E+03  9.1746E+02
  950000  4.6584E-01  1.0218E+03  9.0647E+02
  951000  4.6010E-01  1.0094E+03  8.9550E+02
  952000  4.5443E-01  9.9686E+02  8.8434E+02
  953000  4.4883E-01  9.8444E+02  8.7330E+02
  954000  4.4329E-01  9.7220E+02  8.6246E+02
  955000  4.3783E-01  9.6006E+02  8.5160E+02
  956000  4.3244E-01  9.4830E+02  8.4119E+02
  957000  4.2711E-01  9.3699E+02  8.3125E+02
  958000  4.2185E-01  9.2549E+02  8.2105E+02
  959000  4.1665E-01  9.1413E+02  8.1099E+02
  960000  4.1152E-01  9.0279E+02  8.0091E+02
  961000  4.0645E-01  8.9196E+02  7.9137E+02
  962000  4.0144E-01  8.8095E+02  7.8160E+02
  963000  3.9650E-01  8.7018E+02  7.7206E+02
  964000  3.9161E-01  8.5915E+02  7.6220E+02
  965000  3.8679E-01  8.4872E+02  7.5298E+02
  966000  3.8202E-01  8.3807E+02  7.4349E+02
  967000  3.7732E-01  8.2729E+02  7.3382E+02
  968000  3.7267E-01  8.1772E+02  7.2548E+02
  969000  3.6808E-01  8.0767E+02  7.1658E+02
  970000  3.6354E-01  7.9771E+02  7.0773E+02
  971000  3.5906E-01  7.8800E+02  6.9915E+02
  972000  3.5464E-01  7.7815E+02  6.9038E+02
  973000  3.5027E-01  7.6865E+02  6.8197E+02
  974000  3.4595E-01  7.5919E+02  6.7358E+02
  975000  3.4169E-01  7.5007E+02  6.6555E+02
  976000  3.3748E-01  7.4085E+02  6.5737E+02
  977000  3.3332E-01  7.3169E+02  6.4923E+02
  978000  3.2922E-01  7.2282E+02  6.4141E+02
  979000  3.2516E-01  7.1352E+02  6.3305E+02
  980000  3.2115E-01  7.0533E+02  6.2594E+02
  981000  3.1720E-01  6.9655E+02  6.1812E+02
  982000  3.1329E-01  6.8805E+02  6.1060E+02
  983000  3.0943E-01  6.7937E+02  6.0285E+02
  984000  3.0562E-01  6.7149E+02  5.9597E+02
  985000  3.0185E-01  6.6299E+02  5.8838E+02
  986000  2.9813E-01  6.5515E+02  5.8150E+02
  987000  2.9446E-01  6.4677E+02  5.7399E+02
  988000  2.9083E-01  6.3890E+02  5.6704E+02
  989000  2.8725E-01  6.3152E+02  5.6060E+02
  990000  2.8371E-01  6.2302E+02  5.5289E+02
  991000  2.8021E-01  6.1568E+02  5.4645E+02
  992000  2.7676E-01  6.0766E+02  5.3924E+02
  993000  2.7334E-01  6.0055E+02  5.3302E+02
  994000  2.6998E-01  5.9248E+02  5.2569E+02
  995000  2.6665E-01  5.8551E+02  5.1959E+02
  996000  2.6336E-01  5.7888E+02  5.1385E+02
  997000  2.6012E-01  5.7157E+02  5.0732E+02
  998000  2.5691E-01  5.6525E+02  5.0189E+02
  999000  2.5374E-01  5.5723E+02  4.9451E+02
 1000000  2.5062E-01  5.5100E+02  4.8913E+02
 1001000  2.4753E-01  5.4393E+02  4.8278E+02
 1002000  2.4448E-01  5.3707E+02  4.7666E+02
 1003000  2.4146E-01  5.3104E+02  4.7145E+02
 1004000  2.3849E-01  5.2465E+02  4.6581E+02
 1005000  2.3557E-01  5.2823E+02  4.7098E+02
 1006000  2.3266E-01  5.2914E+02  4.7414E+02
 1007000  2.2978E-01  5.0678E+02  4.5040E+02
 1008000  2.2695E-01  4.9942E+02  4.4349E+02
 1009000  2.2415E-01  4.9257E+02  4.3717E+02
 1010000  2.2138E-01  4.8811E+02  4.3360E+02
 1011000  2.1865E-01  4.8090E+02  4.2692E+02
 1012000  2.1596E-01  4.7570E+02  4.2248E+02
 1013000  2.1330E-01  4.6970E+02  4.1712E+02
 1014000  2.1067E-01  4.6403E+02  4.1210E+02
 1015000  2.0808E-01  4.5828E+02  4.0700E+02
 1016000  2.0551E-01  4.5270E+02  4.0206E+02
 1017000  2.0298E-01  4.4761E+02  3.9765E+02
 1018000  2.0048E-01  4.4126E+02  3.9182E+02
 1019000  1.9801E-01  4.3569E+02  3.8684E+02
 1020000  1.9557E-01  4.3047E+02  3.8224E+02
 1021000  1.9316E-01  4.2580E+02  3.7825E+02
 1022000  1.9078E-01  4.2005E+02  3.7302E+02
 1023000  1.8843E-01  4.1545E+02  3.6907E+02
 1024000  1.8611E-01  4.1063E+02  3.6486E+02
 1025000  1.8382E-01  4.0474E+02  3.5944E+02
 1026000  1.8155E-01  4.0065E+02  3.5601E+02
 1027000  1.7932E-01  3.9540E+02  3.5127E+02
 1028000  1.7711E-01  3.9116E+02  3.4766E+02
 1029000  1.7493E-01  3.8574E+02  3.4270E+02
 1030000  1.7277E-01  3.8159E+02  3.3915E+02
 1031000  1.7064E-01  3.7777E+02  3.3596E+02
 1032000  1.6854E-01  3.7160E+02  3.3012E+02
 1033000  1.6646E-01  3.6794E+02  3.2708E+02
 1034000  1.6441E-01  3.6389E+02  3.2360E+02
 1035000  1.6238E-01  3.5875E+02  3.1888E+02
 1036000  1.6038E-01  3.5436E+02  3.1498E+02
 1037000  1.5841E-01  3.5099E+02  3.1222E+02
 1038000  1.5645E-01  3.4702E+02  3.0877E+02
 1039000  1.5452E-01  3.4144E+02  3.0350E+02
 1040000  1.5262E-01  3.3793E+02  3.0055E+02
 1041000  1.5076E-01  3.3362E+02  2.9654E+02
 1042000  1.4890E-01  3.3004E+02  2.9361E+02
 1043000  1.4707E-01  3.2542E+02  2.8937E+02
 1044000  1.4525E-01  3.2122E+02  2.8559E+02
 1045000  1.4346E-01  3.1786E+02  2.8274E+02
 1046000  1.4169E-01  3.1352E+02  2.7879E+02
 1047000  1.3995E-01  3.0934E+02  2.7499E+02
 1048000  1.3822E-01  3.0695E+02  2.7320E+02
 1049000  1.3652E-01  3.0257E+02  2.6917E+02
 1050000  1.3484E-01  2.9931E+02  2.6637E+02
 1051000  1.3317E-01  2.9577E+02  2.6325E+02
 1052000  1.3153E-01  2.9086E+02  2.5859E+02
 1053000  1.2991E-01  2.8784E+02  2.5603E+02
 1054000  1.2831E-01  2.8451E+02  2.5312E+02
 1055000  1.2673E-01  2.8054E+02  2.4948E+02
 1056000  1.2517E-01  2.7858E+02  2.4809E+02
 1057000  1.2363E-01  2.7542E+02  2.4533E+02
 1058000  1.2211E-01  2.7120E+02  2.4138E+02
 1059000  1.2060E-01  2.6951E+02  2.4027E+02
 1060000  1.1912E-01  2.6676E+02  2.3795E+02
 1061000  1.1765E-01  2.6264E+02  2.3408E+02
 1062000  1.1620E-01  2.5883E+02  2.3055E+02
 1063000  1.1477E-01  2.5610E+02  2.2822E+02
 1064000  1.1335E-01  2.5330E+02  2.2581E+02
 1065000  1.1196E-01  2.4890E+02  2.2160E+02
 1066000  1.1058E-01  2.4753E+02  2.2077E+02
 1067000  1.0922E-01  2.4280E+02  2.1616E+02
 1068000  1.0787E-01  2.4067E+02  2.1447E+02
 1069000  1.0654E-01  2.3773E+02  2.1185E+02
 1070000  1.0523E-01  2.3568E+02  2.1023E+02
 1071000  1.0393E-01  2.3276E+02  2.0763E+02
 1072000  1.0265E-01  2.3094E+02  2.0623E+02
 1073000  1.0138E-01  2.2659E+02  2.0201E+02
 1074000  1.0014E-01  2.2383E+02  1.9955E+02
 1075000  9.8902E-02  2.2130E+02  1.9735E+02
 1076000  9.7684E-02  2.1804E+02  1.9432E+02
 1077000  9.6481E-02  2.1759E+02  1.9444E+02
 1078000  9.5293E-02  2.1201E+02  1.8879E+02
 1079000  9.4119E-02  2.1205E+02  1.8943E+02
 1080000  9.2960E-02  2.0918E+02  1.8681E+02
 1081000  9.1815E-02  2.0579E+02  1.8360E+02
 1082000  9.0684E-02  2.0421E+02  1.8241E+02
 1083000  8.9567E-02  2.0335E+02  1.8201E+02
 1084000  8.8464E-02  2.0033E+02  1.7920E+02
 1085000  8.7375E-02  1.9587E+02  1.7476E+02
 1086000  8.6299E-02  1.9364E+02  1.7281E+02
 1087000  8.5236E-02  1.9296E+02  1.7259E+02
 1088000  8.4186E-02  1.8995E+02  1.6976E+02
 1089000  8.3149E-02  1.8766E+02  1.6772E+02
 1090000  8.2125E-02  1.8530E+02  1.6560E+02
 1091000  8.1113E-02  1.8439E+02  1.6509E+02
 1092000  8.0114E-02  1.7933E+02  1.5995E+02
 1093000  7.9127E-02  1.7990E+02  1.6108E+02
 1094000  7.8153E-02  1.7824E+02  1.5972E+02
 1095000  7.7191E-02  1.7522E+02  1.5683E+02
 1096000  7.6240E-02  1.7444E+02  1.5644E+02
 1097000  7.5301E-02  1.7012E+02  1.5209E+02
 1098000  7.4374E-02  1.6807E+02  1.5026E+02
 1099000  7.3458E-02  1.6862E+02  1.5134E+02
 1100000  7.2553E-02  1.6555E+02  1.4836E+02
 1101000  7.1659E-02  1.6315E+02  1.4614E+02
 1102000  7.0777E-02  1.6052E+02  1.4364E+02
 1103000  6.9905E-02  1.5971E+02  1.4318E+02
 1104000  6.9044E-02  1.5669E+02  1.4024E+02
 1105000  6.8194E-02  1.5736E+02  1.4141E+02
 1106000  6.7354E-02  1.5603E+02  1.4035E+02
 1107000  6.6525E-02  1.5404E+02  1.3854E+02
 1108000  6.5705E-02  1.5132E+02  1.3591E+02
 1109000  6.4900E-02  1.4915E+02  1.3388E+02
 1110000  6.4100E-02  1.4697E+02  1.3187E+02
 1111000  6.3311E-02  1.4558E+02  1.3071E+02
 1112000  6.2531E-02  1.4330E+02  1.2856E+02
 1113000  6.1761E-02  1.4407E+02  1.2979E+02
 1114000  6.1001E-02  1.3955E+02  1.2514E+02
 1115000  6.0249E-02  1.3931E+02  1.2525E+02
 1116000  5.9508E-02  1.3946E+02  1.2577E+02
 1117000  5.8775E-02  1.3752E+02  1.2399E+02
 1118000  5.8051E-02  1.3647E+02  1.2317E+02
 1119000  5.7336E-02  1.3630E+02  1.2333E+02
 1120000  5.6630E-02  1.3065E+02  1.1740E+02
 1121000  5.5933E-02  1.3128E+02  1.1845E+02
 1122000  5.5244E-02  1.3091E+02  1.1836E+02
 1123000  5.4564E-02  1.3021E+02  1.1792E+02
 1124000  5.3892E-02  1.2791E+02  1.1568E+02
 1125000  5.3228E-02  1.2815E+02  1.1627E+02
 1126000  5.2573E-02  1.2381E+02  1.1178E+02
 1127000  5.1925E-02  1.2158E+02  1.0963E+02
 1128000  5.1286E-02  1.2172E+02  1.1010E+02
 1129000  5.0655E-02  1.2227E+02  1.1100E+02
 1130000  5.0031E-02  1.2222E+02  1.1123E+02
 1131000  4.9415E-02  1.1549E+02  1.0409E+02
 1132000  4.8807E-02  1.1541E+02  1.0430E+02
 1133000  4.8206E-02  1.1278E+02  1.0167E+02
 1134000  4.7613E-02  1.1354E+02  1.0280E+02
 1135000  4.7027E-02  1.1275E+02  1.0221E+02
 1136000  4.6448E-02  1.1342E+02  1.0322E+02
 1137000  4.5877E-02  1.1037E+02  1.0013E+02
 1138000  4.5315E-02  1.0883E+02  9.8687E+01
 1139000  4.4757E-02  1.0981E+02  1.0003E+02
 1140000  4.4206E-02  1.0411E+02  9.3999E+01
 1141000  4.3662E-02  1.0564E+02  9.5946E+01
 1142000  4.3125E-02  1.0415E+02  9.4560E+01
 1143000  4.2594E-02  1.0523E+02  9.5996E+01
 1144000  4.2069E-02  1.0146E+02  9.2089E+01
 1145000  4.1551E-02  1.0347E+02  9.4544E+01
 1146000  4.1040E-02  9.9565E+01  9.0486E+01
 1147000  4.0534E-02  9.8930E+01  9.0023E+01
 1148000  4.0035E-02  9.8376E+01  8.9643E+01
 1149000  3.9542E-02  9.9846E+01  9.1474E+01
 1150000  3.9055E-02  9.9405E+01  9.1211E+01
 1151000  3.8574E-02  9.7298E+01  8.9116E+01
 1152000  3.8099E-02  9.5035E+01  8.6857E+01
 1153000  3.7630E-02  9.9140E+01  9.1530E+01
 1154000  3.7166E-02  9.6389E+01  8.8742E+01
 1155000  3.6708E-02  9.3455E+01  8.5752E+01
 1156000  3.6256E-02  9.1266E+01  8.3557E+01
 1157000  3.5809E-02  9.1536E+01  8.4041E+01
 1158000  3.5368E-02  9.3169E+01  8.6015E+01
 1159000  3.4932E-02  9.1212E+01  8.4077E+01
 1160000  3.4502E-02  9.0368E+01  8.3348E+01
 1161000  3.4077E-02  8.4385E+01  7.7005E+01
 1162000  3.3657E-02  8.5958E+01  7.8921E+01
 1163000  3.3242E-02  8.5897E+01  7.9032E+01
 1164000  3.2833E-02  8.5299E+01  7.8561E+01
 1165000  3.2428E-02  8.5471E+01  7.8917E+01
 1166000  3.2029E-02  8.7063E+01  8.0801E+01
 1167000  3.1634E-02  8.3578E+01  7.7202E+01
 1168000  3.1245E-02  7.9745E+01  7.3207E+01
 1169000  3.0860E-02  8.4158E+01  7.8151E+01
 1170000  3.0480E-02  7.6754E+01  7.0281E+01
 1171000  3.0105E-02  7.7967E+01  7.1763E+01
 1172000  2.9734E-02  7.9325E+01  7.3381E+01
 1173000  2.9368E-02  7.6942E+01  7.0962E+01
 1174000  2.9006E-02  7.5984E+01  7.0080E+01
 1175000  2.8649E-02  8.0394E+01  7.4983E+01
 1176000  2.8296E-02  7.9544E+01  7.4213E+01
 1177000  2.7947E-02  7.5738E+01  7.0254E+01
 1178000  2.7603E-02  6.9854E+01  6.4026E+01
 1179000  2.7263E-02  7.6907E+01  7.1786E+01
 1180000  2.6927E-02  7.6278E+01  7.1251E+01
 1181000  2.6596E-02  7.7886E+01  7.3086E+01
 1182000  2.6268E-02  7.3314E+01  6.8325E+01
 1183000  2.5945E-02  7.2982E+01  6.8092E+01
 1184000  2.5625E-02  7.2068E+01  6.7236E+01
 1185000  2.5309E-02  7.1891E+01  6.7171E+01
 1186000  2.4998E-02  7.3535E+01  6.9042E+01
 1187000  2.4690E-02  7.3466E+01  6.9096E+01
 1188000  2.4386E-02  6.7919E+01  6.3269E+01
 1189000  2.4085E-02  6.9920E+01  6.5527E+01
 1190000  2.3789E-02  7.0511E+01  6.6262E+01
 1191000  2.3496E-02  6.9084E+01  6.4864E+01
 1192000  2.3206E-02  6.7314E+01  6.3070E+01
 1193000  2.2920E-02  6.9082E+01  6.5069E+01
 1194000  2.2638E-02  7.0567E+01  6.6743E+01
 1195000  2.2359E-02  6.9217E+01  6.5412E+01
 1196000  2.2084E-02  6.9047E+01  6.5334E+01
 1197000  2.1812E-02  6.7735E+01  6.4037E+01
 1198000  2.1543E-02  6.1681E+01  5.7701E+01
 1199000  2.1278E-02  6.9042E+01  6.5598E+01
 1200000  2.1016E-02  6.6956E+01  6.3489E+01
 1201000  2.0757E-02  6.2629E+01  5.8999E+01
 1202000  2.0501E-02  5.8286E+01  5.4463E+01
 1203000  2.0249E-02  6.3068E+01  5.9639E+01
 1204000  1.9999E-02  5.8226E+01  5.4590E+01
 1205000  1.9753E-02  6.2366E+01  5.9070E+01
 1206000  1.9510E-02  5.9674E+01  5.6310E+01
 1207000  1.9269E-02  6.7782E+01  6.4921E+01
 1208000  1.9032E-02  6.3673E+01  6.0694E+01
 1209000  1.8797E-02  6.5937E+01  6.3140E+01
 1210000  1.8566E-02  5.4316E+01  5.0966E+01
 1211000  1.8337E-02  5.2796E+01  4.9427E+01
 1212000  1.8111E-02  5.9995E+01  5.7129E+01
 1213000  1.7888E-02  6.1207E+01  5.8468E+01
 1214000  1.7668E-02  6.1192E+01  5.8523E+01
 1215000  1.7450E-02  6.2520E+01  5.9971E+01
 1216000  1.7235E-02  5.8860E+01  5.6210E+01
 1217000  1.7023E-02  6.0707E+01  5.8209E+01
 1218000  1.6813E-02  5.9337E+01  5.6850E+01
 1219000  1.6606E-02  5.8954E+01  5.6505E+01
 1220000  1.6402E-02  5.6509E+01  5.4017E+01
 1221000  1.6200E-02  6.0820E+01  5.8569E+01
 1222000  1.6000E-02  5.4445E+01  5.1979E+01
 1223000  1.5803E-02  5.1315E+01  4.8753E+01
 1224000  1.5608E-02  6.1354E+01  5.9278E+01
 1225000  1.5416E-02  5.3509E+01  5.1185E+01
 1226000  1.5226E-02  4.9920E+01  4.7478E+01
 1227000  1.5039E-02  5.7761E+01  5.5727E+01
 1228000  1.4853E-02  5.8597E+01  5.6635E+01
 1229000  1.4670E-02  5.5279E+01  5.3247E+01
 1230000  1.4490E-02  5.7219E+01  5.5306E+01
 1231000  1.4311E-02  5.9828E+01  5.8051E+01
 1232000  1.4135E-02  5.1529E+01  4.9499E+01
 1233000  1.3961E-02  5.9302E+01  5.7605E+01
 1234000  1.3789E-02  5.3904E+01  5.2064E+01
 1235000  1.3619E-02  5.7448E+01  5.5759E+01
 1236000  1.3451E-02  5.3722E+01  5.1961E+01
 1237000  1.3286E-02  5.8273E+01  5.6701E+01
 1238000  1.3122E-02  4.9341E+01  4.7524E+01
 1239000  1.2960E-02  6.1646E+01  6.0238E+01
 1240000  1.2801E-02  5.7028E+01  5.5535E+01
 1241000  1.2643E-02  5.8676E+01  5.7261E+01
 1242000  1.2487E-02  4.8130E+01  4.6425E+01
 1243000  1.2334E-02  6.0634E+01  5.9340E+01
 1244000  1.2182E-02  5.4800E+01  5.3391E+01
 1245000  1.2032E-02  5.3378E+01  5.1973E+01
 1246000  1.1883E-02  5.7889E+01  5.6614E+01
 1247000  1.1737E-02  5.5851E+01  5.4575E+01
 1248000  1.1592E-02  5.7818E+01  5.6619E+01
 1249000  1.1450E-02  4.9612E+01  4.8229E+01
 1250000  1.1309E-02  5.1941E+01  5.0656E+01
 1251000  1.1169E-02  5.3704E+01  5.2503E+01
 1252000  1.1032E-02  5.0704E+01  4.9472E+01
 1253000  1.0896E-02  4.4104E+01  4.2713E+01
 1254000  1.0761E-02  4.7715E+01  4.6468E+01
 1255000  1.0629E-02  5.2299E+01  5.1185E+01
 1256000  1.0498E-02  5.1074E+01  4.9950E+01
 1257000  1.0369E-02  5.4996E+01  5.3989E+01
 1258000  1.0241E-02  4.2135E+01  4.0828E+01
 1259000  1.0115E-02  4.8992E+01  4.7912E+01
 1260000  9.9900E-03  4.7672E+01  4.6595E+01
 1261000  9.8671E-03  5.5621E+01  5.4721E+01
 1262000  9.7454E-03  4.8641E+01  4.7637E+01
 1263000  9.6255E-03  5.4261E+01  5.3385E+01
 1264000  9.5069E-03  5.2613E+01  5.1724E+01
 1265000  9.3897E-03  5.2887E+01  5.2021E+01
 1266000  9.2740E-03  5.0151E+01  4.9275E+01
 1267000  9.1598E-03  4.9041E+01  4.8162E+01
 1268000  9.0469E-03  4.8940E+01  4.8078E+01
 1269000  8.9356E-03  5.1297E+01  5.0475E+01
 1270000  8.8254E-03  4.9514E+01  4.8692E+01
 1271000  8.7168E-03  5.0874E+01  5.0102E+01
 1272000  8.6094E-03  5.5868E+01  5.5194E+01
